运城 47985.6 565 55585.66 655
北京 82980.6 7793.537952 47662.6 5595.58924
廊坊 59097.95 45040 31656.94 24980
天津 38818.2 2038 57715.5 2378
唐山 22602.53 13.3 20015.47 13.3
秦皇岛 100062.2 31 61426.88 1769.0941
沧州 14504.93 299 14504.93 299
大连 23917 1436 39860 1260
滨州 15794 531 77063 2081
潍坊 21796 1078.902 19315 956.0925
烟台 34180 1463 46223 1978
聊城 78966 2369 66667 2000
安阳 154988.71 5813 18622.42 936
郑州 21060.68 1288 49895.01 1817
济宁 16647 465 35701 989
日照 39833 930 44215.7 1300
青岛 18667 533 31900.8 1196.28
商丘 235205.306 6656.31 25659.791 1059.75
徐州 33319.71 560 23383 807
连云港 99886 2128 10027 185
淮北 186675.25 6030 14768.15 480
周口 82117.3 2464 43595.9 1308
南阳 146045.9 6133 66033.7 2700
驻马店 48861.67 1319.26509 195939.8 4996.47
阜阳 26877 492 53293.7 896
淮安 59934 946.96 16580.1 583.62
盐城 109209 3276.27 13283 326.7618
淮南 65244.33 19.2 31594.12 19.2
随州 87700 3393 19100 347
六安 67303 1232 87674 1595
南京 54401.45 2122 36544.48 2195
杭州 69187 5210 10069 783.37
宣城 20011 341 14703 251
铜陵 26178.03 592 23277.64 480
安庆 22002.6 594 276495.42 6968
武汉 17972.37 701 108489 2890
荆州 20150.03 406 159180.67 3210
黄石 10981.26 219 42417 866
宁波 11096 882.79776 66666 4199.958
台州 13335 1101 30056 2706
温州 51911.56 5441 13332.94 1111
金华 60046.61 1514 12491 413
上饶 32450 555 93395.8 897
南昌 66824 1212.8556 19838 	520.7475
宜春 17668 361 11408 233
长沙 42456.81 1160 26913.04 748
永州 20058.93 365.07 28576.8 712.56
吉安 53335.69 6.9 16252.3 6.9
南平 15195 250 74909 1300
宁德 235083 8694 22508 985
莆田 97718.79 3658.1 26051.88 871.5
龙岩 43082 483 35608 983
赣州 52513.94 714.19 48727.6 662.7
汕尾 115085 4040 68608 2422
广州 15352.21 806 16954.16 1450
韶关 13333 250 39889 846
贺州 41362.57 907 41153.3 907