!此文件为lingo输入数据文件，"!"为注释行;
!数据为城市到四个销地的总运费;
!单位：万元/万辆;

250.54 350.58 492.38 263.77 
250.54 350.58 492.38 263.77 
0.01 369.65 607.06 284.30 
0.01 369.65 607.06 284.30 
15.50 354.59 597.20 269.24 
15.50 354.59 597.20 269.24 
37.23 333.89 598.09 248.54 
37.23 333.89 598.09 248.54 
44.99 357.62 631.42 272.27 
44.99 357.62 631.42 272.27 
80.15 393.33 667.13 307.98 
80.15 393.33 667.13 307.98 
59.82 317.72 565.31 230.91 
59.82 317.72 565.31 230.91 
234.61 548.57 822.37 463.22 
234.61 548.57 822.37 463.22 
98.01 272.97 553.52 187.62 
98.01 272.97 553.52 187.62 
135.99 244.22 538.83 158.87 
135.99 244.22 538.83 158.87 
204.38 298.42 593.03 213.07 
204.38 298.42 593.03 213.07 
115.63 268.83 501.73 182.03 
115.63 268.83 501.73 182.03 
148.36 285.87 480.80 199.07 
148.36 285.87 480.80 199.07 
196.87 263.48 431.51 176.68 
196.87 263.48 431.51 176.68 
152.20 226.43 468.33 139.63 
152.20 226.43 468.33 139.63 
180.97 206.89 501.50 121.53 
180.97 206.89 501.50 121.53 
185.99 255.14 549.75 169.79 
185.99 255.14 549.75 169.79 
192.54 206.86 426.51 120.05 
192.54 206.86 426.51 120.05 
203.72 176.32 451.13 89.51 
203.72 176.32 451.13 89.51 
204.09 175.35 469.96 90.00 
204.09 175.35 469.96 90.00 
207.35 177.69 433.07 90.88 
207.35 177.69 433.07 90.88 
214.64 223.84 394.75 138.48 
214.64 223.84 394.75 138.48 
262.15 275.28 388.69 189.92 
262.15 275.28 388.69 189.92 
242.59 231.96 377.90 146.60 
242.59 231.96 377.90 146.60 
236.31 178.94 387.50 93.58 
236.31 178.94 387.50 93.58 
232.86 137.70 432.31 52.35 
232.86 137.70 432.31 52.35 
250.83 106.96 451.16 71.20 
250.83 106.96 451.16 71.20 
255.27 143.98 406.32 58.63 
255.27 143.98 406.32 58.63 
295.09 255.74 335.63 171.22 
295.09 255.74 335.63 171.22 
281.57 155.10 378.46 70.58 
281.57 155.10 378.46 70.58 
284.25 85.22 382.15 0.00 
284.25 85.22 382.15 0.00 
364.58 53.58 345.79 81.09 
364.58 53.58 345.79 81.09 
325.55 79.96 348.52 42.06 
325.55 79.96 348.52 42.06 
333.09 107.34 329.85 51.17 
333.09 107.34 329.85 51.17 
326.31 163.59 319.21 79.07 
326.31 163.59 319.21 79.07 
315.29 250.12 291.21 165.60 
315.29 250.12 291.21 165.60 
356.53 309.96 311.14 225.44 
356.53 309.96 311.14 225.44 
341.37 228.68 290.84 144.16 
341.37 228.68 290.84 144.16 
410.59 92.08 372.24 127.10 
410.59 92.08 372.24 127.10 
453.73 135.22 380.18 170.25 
453.73 135.22 380.18 170.25 
459.13 144.03 347.48 175.64 
459.13 144.03 347.48 175.64 
409.55 97.32 305.91 126.07 
409.55 97.32 305.91 126.07 
428.11 156.47 249.00 146.19 
428.11 156.47 249.00 146.19 
411.39 202.92 230.98 163.67 
411.39 202.92 230.98 163.67 
443.38 256.27 198.27 217.02 
443.38 256.27 198.27 217.02 
416.70 299.14 200.45 267.04 
416.70 299.14 200.45 267.04 
497.78 368.31 139.16 322.52 
497.78 368.31 139.16 322.52 
465.47 254.02 167.94 225.15 
465.47 254.02 167.94 225.15 
492.55 216.54 226.58 210.63 
492.55 216.54 226.58 210.63 
510.12 197.84 284.08 228.20 
510.12 197.84 284.08 228.20 
562.67 256.10 228.97 280.75 
562.67 256.10 228.97 280.75 
564.14 298.81 156.64 291.04 
564.14 298.81 156.64 291.04 
517.73 292.43 116.30 268.53 
517.73 292.43 116.30 268.53 
636.66 392.20 80.27 367.64 
636.66 392.20 80.27 367.64 
607.48 407.20 0.00 382.65 
607.48 407.20 0.00 382.65 
549.09 350.53 64.18 326.63 
549.09 350.53 64.18 326.63 
565.25 423.26 83.25 394.38 
565.25 423.26 83.25 394.38 
281.940557 79.158528 423.229094 43.266586 
281.940557 79.158528 423.229094 43.266586 
334.221350 37.757530 401.015731 50.395968 
334.221350 37.757530 401.015731 50.395968 
334.221350 37.757530 401.015731 50.395968 
601.385165 370.571923 53.370240 343.364045 
601.385165 370.571923 53.370240 343.364045 
618.894528 393.984403 38.257498 366.776525 
618.894528 393.984403 38.257498 366.776525 
628.315699 438.787450 23.777510 412.235443 
628.315699 438.787450 23.777510 412.235443 
628.619712 445.438368 44.445811 418.886362 
628.619712 445.438368 44.445811 418.886362 
628.619712 445.438368 44.445811 418.886362 
605.275776 460.954099 76.822221 432.080947 
605.275776 460.954099 76.822221 432.080947 
57.288269 426.113318 657.189926 340.759373 
57.288269 426.113318 657.189926 340.759373 
346.076506 42.237082 367.405517 62.539008 
346.076506 42.237082 367.405517 62.539008 
365.186573 28.621555 372.415949 81.361190 
365.186573 28.621555 372.415949 81.361190 
