  Global optimal solution found.
  Objective value:                              56012.51
  Objective bound:                              56012.51
  Infeasibilities:                              0.000000
  Extended solver steps:                               1
  Total solver iterations:                          3981


                       Variable           Value        Reduced Cost
                          D( 1)        5.980000            0.000000
                          D( 2)        3.790000            0.000000
                          D( 3)        2.530000            0.000000
                          D( 4)        2.530000            0.000000
                          S( 1)        0.000000            690.1453
                          S( 2)        0.000000            690.8468
                          S( 3)        0.000000            3999.560
                          S( 4)        0.000000            5016.926
                          S( 5)        0.000000            32970.40
                          S( 6)        0.000000            34141.01
                          S( 7)        0.000000            2241.844
                          S( 8)        0.000000            1752.172
                          S( 9)        5.980000            0.000000
                         S( 10)        0.000000            3.281800
                         S( 11)        0.000000            23.15280
                         S( 12)        0.000000            1257.834
                         S( 13)        0.000000            883.0103
                         S( 14)        0.000000            883.0103
                         S( 15)        0.000000            2766.269
                         S( 16)        0.000000            1534.191
                         S( 17)        0.000000            1484.102
                         S( 18)        0.000000            1197.649
                         S( 19)        0.000000            2210.346
                         S( 20)        0.000000            2210.925
                         S( 21)        0.000000            1988.487
                         S( 22)        0.000000            1988.178
                         S( 23)        0.000000            1345.154
                         S( 24)        0.000000            1345.058
                         S( 25)        0.000000            1703.096
                         S( 26)        0.000000            2256.568
                         S( 27)        0.000000            2755.528
                         S( 28)        0.000000            1683.357
                         S( 29)        0.000000            1278.094
                         S( 30)        0.000000            1268.405
                         S( 31)        0.000000            1061.896
                         S( 32)        0.000000            1323.929
                         S( 33)        0.000000            1335.351
                         S( 34)        0.000000            1723.115
                         S( 35)        0.000000            1274.921
                         S( 36)        0.000000            1838.694
                         S( 37)        0.000000            746.4254
                         S( 38)        0.000000            1513.639
                         S( 39)        0.000000            941.6332
                         S( 40)        0.000000            817.8838
                         S( 41)        0.000000            1419.150
                         S( 42)        0.000000            1427.892
                         S( 43)        0.000000            1367.296
                         S( 44)        0.000000            1366.925
                         S( 45)        0.000000            1938.153
                         S( 46)        0.000000            1890.105
                         S( 47)        0.000000            1245.025
                         S( 48)        0.000000            1180.112
                         S( 49)        0.000000            815.6240
                         S( 50)        0.000000            750.4833
                         S( 51)        0.000000            665.5186
                         S( 52)        0.000000            1506.449
                         S( 53)        0.000000            1250.149
                         S( 54)        0.000000            1016.609
                         S( 55)        6.320000            0.000000
                         S( 56)        0.000000            13.46310
                         S( 57)        0.000000            1775.547
                         S( 58)        0.000000            885.8631
                         S( 59)        0.000000            791.6352
                         S( 60)        0.000000            786.7128
                         S( 61)        0.000000            1618.745
                         S( 62)        0.000000            2531.412
                         S( 63)        0.000000            3159.991
                         S( 64)        0.000000            3266.930
                         S( 65)        0.000000            661.4880
                         S( 66)        0.000000            662.8924
                         S( 67)        0.000000            930.5352
                         S( 68)        0.000000            843.8744
                         S( 69)        0.000000            1176.172
                         S( 70)        0.000000            1098.786
                         S( 71)        0.000000            1784.088
                         S( 72)        0.000000            1247.621
                         S( 73)        0.000000            1010.647
                         S( 74)        0.000000            1011.373
                         S( 75)        0.000000            936.2983
                         S( 76)        0.000000            956.3477
                         S( 77)        0.000000            3381.786
                         S( 78)        0.000000            2665.446
                         S( 79)        0.000000            3556.921
                         S( 80)        0.000000            3879.778
                         S( 81)        0.000000            4528.815
                         S( 82)        0.000000            3597.664
                         S( 83)        0.000000            1033.059
                         S( 84)        0.000000            1372.443
                         S( 85)        0.000000            741.0559
                         S( 86)        0.000000            415.8065
                         S( 87)        0.000000            832.5719
                         S( 88)        0.000000            1183.594
                         S( 89)        0.000000            910.3161
                         S( 90)        0.000000            909.0401
                         S( 91)        0.000000            1210.646
                         S( 92)        0.000000            1230.972
                         S( 93)        0.000000            754.1893
                         S( 94)        0.000000            1045.802
                         S( 95)        2.530000            0.000000
                         S( 96)        0.000000            12.25990
                         S( 97)        0.000000            765.3411
                         S( 98)        0.000000            804.9085
                         S( 99)        0.000000            1643.590
                        S( 100)        0.000000            1937.542
                        S( 101)        0.000000            1677.650
                        S( 102)        0.000000            1504.937
                        S( 103)        0.000000            468.8413
                        S( 104)        0.000000            1179.427
                        S( 105)        0.000000            531.8773
                        S( 106)        0.000000            531.9570
                        S( 107)        0.000000            1427.863
                        S( 108)        0.000000            1436.281
                        S( 109)        0.000000            2101.103
                        S( 110)        0.000000            3533.395
                        S( 111)        0.000000            702.8599
                        S( 112)        0.000000            809.6906
                        S( 113)        0.000000            859.9494
                        S( 114)        0.000000            864.6393
                          Y( 1)        1.000000            0.000000
                          Y( 2)        1.000000            0.000000
                          Y( 3)        1.000000            0.000000
                          Y( 4)        1.000000            0.000000
                          Y( 5)        1.000000            0.000000
                          Y( 6)        1.000000            0.000000
                          Y( 7)        1.000000            0.000000
                          Y( 8)        1.000000            0.000000
                          Y( 9)        1.000000            0.000000
                         Y( 10)        1.000000            0.000000
                         Y( 11)        1.000000            0.000000
                         Y( 12)        1.000000            0.000000
                         Y( 13)        1.000000            0.000000
                         Y( 14)        1.000000            0.000000
                         Y( 15)        1.000000            0.000000
                         Y( 16)        1.000000            0.000000
                         Y( 17)        1.000000            0.000000
                         Y( 18)        1.000000            0.000000
                         Y( 19)        1.000000            0.000000
                         Y( 20)        1.000000            0.000000
                         Y( 21)        1.000000            0.000000
                         Y( 22)        1.000000            0.000000
                         Y( 23)        1.000000            0.000000
                         Y( 24)        1.000000            0.000000
                         Y( 25)        1.000000            0.000000
                         Y( 26)        1.000000            0.000000
                         Y( 27)        1.000000            0.000000
                         Y( 28)        1.000000            0.000000
                         Y( 29)        1.000000            0.000000
                         Y( 30)        1.000000            0.000000
                         Y( 31)        1.000000            0.000000
                         Y( 32)        1.000000            0.000000
                         Y( 33)        1.000000            0.000000
                         Y( 34)        1.000000            0.000000
                         Y( 35)        1.000000            0.000000
                         Y( 36)        1.000000            0.000000
                         Y( 37)        1.000000            0.000000
                         Y( 38)        1.000000            0.000000
                         Y( 39)        1.000000            0.000000
                         Y( 40)        1.000000            0.000000
                         Y( 41)        1.000000            0.000000
                         Y( 42)        1.000000            0.000000
                         Y( 43)        1.000000            0.000000
                         Y( 44)        1.000000            0.000000
                         Y( 45)        1.000000            0.000000
                         Y( 46)        1.000000            0.000000
                         Y( 47)        1.000000            0.000000
                         Y( 48)        1.000000            0.000000
                         Y( 49)        1.000000            0.000000
                         Y( 50)        1.000000            0.000000
                         Y( 51)        1.000000            0.000000
                         Y( 52)        1.000000            0.000000
                         Y( 53)        1.000000            0.000000
                         Y( 54)        1.000000            0.000000
                         Y( 55)        1.000000            0.000000
                         Y( 56)        1.000000            0.000000
                         Y( 57)        1.000000            0.000000
                         Y( 58)        1.000000            0.000000
                         Y( 59)        1.000000            0.000000
                         Y( 60)        1.000000            0.000000
                         Y( 61)        1.000000            0.000000
                         Y( 62)        1.000000            0.000000
                         Y( 63)        1.000000            0.000000
                         Y( 64)        1.000000            0.000000
                         Y( 65)        1.000000            0.000000
                         Y( 66)        1.000000            0.000000
                         Y( 67)        1.000000            0.000000
                         Y( 68)        1.000000            0.000000
                         Y( 69)        1.000000            0.000000
                         Y( 70)        1.000000            0.000000
                         Y( 71)        1.000000            0.000000
                         Y( 72)        1.000000            0.000000
                         Y( 73)        1.000000            0.000000
                         Y( 74)        1.000000            0.000000
                         Y( 75)        1.000000            0.000000
                         Y( 76)        1.000000            0.000000
                         Y( 77)        1.000000            0.000000
                         Y( 78)        1.000000            0.000000
                         Y( 79)        1.000000            0.000000
                         Y( 80)        1.000000            0.000000
                         Y( 81)        1.000000            0.000000
                         Y( 82)        1.000000            0.000000
                         Y( 83)        1.000000            0.000000
                         Y( 84)        1.000000            0.000000
                         Y( 85)        1.000000            0.000000
                         Y( 86)        1.000000            0.000000
                         Y( 87)        1.000000            0.000000
                         Y( 88)        1.000000            0.000000
                         Y( 89)        1.000000            0.000000
                         Y( 90)        1.000000            0.000000
                         Y( 91)        1.000000            0.000000
                         Y( 92)        1.000000            0.000000
                         Y( 93)        1.000000            0.000000
                         Y( 94)        1.000000            0.000000
                         Y( 95)        1.000000            0.000000
                         Y( 96)        1.000000            0.000000
                         Y( 97)        1.000000            0.000000
                         Y( 98)        1.000000            0.000000
                         Y( 99)        1.000000            0.000000
                        Y( 100)        1.000000            0.000000
                        Y( 101)        1.000000            0.000000
                        Y( 102)        1.000000            0.000000
                        Y( 103)        1.000000            0.000000
                        Y( 104)        1.000000            0.000000
                        Y( 105)        1.000000            0.000000
                        Y( 106)        1.000000            0.000000
                        Y( 107)        1.000000            0.000000
                        Y( 108)        1.000000            0.000000
                        Y( 109)        1.000000            0.000000
                        Y( 110)        1.000000            0.000000
                        Y( 111)        1.000000            0.000000
                        Y( 112)        1.000000            0.000000
                        Y( 113)        1.000000            0.000000
                        Y( 114)        1.000000            0.000000
                         KK( 1)        4176.738            0.000000
                         KK( 2)        4177.440            0.000000
                         KK( 3)        7736.682            0.000000
                         KK( 4)        8754.049            0.000000
                         KK( 5)        36692.03            0.000000
                         KK( 6)        37862.65            0.000000
                         KK( 7)        5941.747            0.000000
                         KK( 8)        5452.075            0.000000
                         KK( 9)        3692.143            0.000000
                        KK( 10)        3695.425            0.000000
                        KK( 11)        3680.136            0.000000
                        KK( 12)        4914.817            0.000000
                        KK( 13)        4560.323            0.000000
                        KK( 14)        4560.323            0.000000
                        KK( 15)        6268.792            0.000000
                        KK( 16)        5036.714            0.000000
                        KK( 17)        5123.225            0.000000
                        KK( 18)        4836.772            0.000000
                        KK( 19)        5811.489            0.000000
                        KK( 20)        5812.068            0.000000
                        KK( 21)        5521.240            0.000000
                        KK( 22)        5520.931            0.000000
                        KK( 23)        4966.657            0.000000
                        KK( 24)        4966.561            0.000000
                        KK( 25)        5291.869            0.000000
                        KK( 26)        5845.341            0.000000
                        KK( 27)        6316.991            0.000000
                        KK( 28)        5244.820            0.000000
                        KK( 29)        4876.607            0.000000
                        KK( 30)        4866.918            0.000000
                        KK( 31)        4678.508            0.000000
                        KK( 32)        4940.542            0.000000
                        KK( 33)        4903.703            0.000000
                        KK( 34)        5291.468            0.000000
                        KK( 35)        4893.013            0.000000
                        KK( 36)        5456.786            0.000000
                        KK( 37)        4395.058            0.000000
                        KK( 38)        5162.271            0.000000
                        KK( 39)        4589.776            0.000000
                        KK( 40)        4466.026            0.000000
                        KK( 41)        5066.412            0.000000
                        KK( 42)        5075.155            0.000000
                        KK( 43)        4966.959            0.000000
                        KK( 44)        4966.588            0.000000
                        KK( 45)        5486.375            0.000000
                        KK( 46)        5438.327            0.000000
                        KK( 47)        4836.568            0.000000
                        KK( 48)        4771.655            0.000000
                        KK( 49)        4460.187            0.000000
                        KK( 50)        4395.046            0.000000
                        KK( 51)        4351.311            0.000000
                        KK( 52)        5192.241            0.000000
                        KK( 53)        4966.682            0.000000
                        KK( 54)        4733.142            0.000000
                        KK( 55)        3679.513            0.000000
                        KK( 56)        3692.976            0.000000
                        KK( 57)        5343.299            0.000000
                        KK( 58)        4453.616            0.000000
                        KK( 59)        4460.028            0.000000
                        KK( 60)        4455.105            0.000000
                        KK( 61)        5357.017            0.000000
                        KK( 62)        6269.685            0.000000
                        KK( 63)        6929.904            0.000000
                        KK( 64)        7036.843            0.000000
                        KK( 65)        4405.021            0.000000
                        KK( 66)        4406.425            0.000000
                        KK( 67)        4646.688            0.000000
                        KK( 68)        4560.027            0.000000
                        KK( 69)        4836.074            0.000000
                        KK( 70)        4758.689            0.000000
                        KK( 71)        5357.461            0.000000
                        KK( 72)        4820.993            0.000000
                        KK( 73)        4539.790            0.000000
                        KK( 74)        4540.517            0.000000
                        KK( 75)        4531.111            0.000000
                        KK( 76)        4551.160            0.000000
                        KK( 77)        7113.198            0.000000
                        KK( 78)        6396.859            0.000000
                        KK( 79)        7245.194            0.000000
                        KK( 80)        7568.051            0.000000
                        KK( 81)        8208.278            0.000000
                        KK( 82)        7277.126            0.000000
                        KK( 83)        4759.231            0.000000
                        KK( 84)        5098.615            0.000000
                        KK( 85)        4408.078            0.000000
                        KK( 86)        4082.829            0.000000
                        KK( 87)        4453.145            0.000000
                        KK( 88)        4804.167            0.000000
                        KK( 89)        4552.329            0.000000
                        KK( 90)        4551.053            0.000000
                        KK( 91)        4850.479            0.000000
                        KK( 92)        4870.805            0.000000
                        KK( 93)        4455.312            0.000000
                        KK( 94)        4746.925            0.000000
                        KK( 95)        3672.343            0.000000
                        KK( 96)        3684.603            0.000000
                        KK( 97)        4379.044            0.000000
                        KK( 98)        4418.612            0.000000
                        KK( 99)        5269.242            0.000000
                       KK( 100)        5563.194            0.000000
                       KK( 101)        5288.964            0.000000
                       KK( 102)        5116.251            0.000000
                       KK( 103)        4152.484            0.000000
                       KK( 104)        4863.070            0.000000
                       KK( 105)        4255.860            0.000000
                       KK( 106)        4255.940            0.000000
                       KK( 107)        5187.876            0.000000
                       KK( 108)        5196.294            0.000000
                       KK( 109)        5941.386            0.000000
                       KK( 110)        7373.678            0.000000
                       KK( 111)        4478.963            0.000000
                       KK( 112)        4585.794            0.000000
                       KK( 113)        4616.983            0.000000
                       KK( 114)        4621.672            0.000000
                       C( 1, 1)        250.5400            0.000000
                       C( 1, 2)        350.5800            0.000000
                       C( 1, 3)        492.3800            0.000000
                       C( 1, 4)        263.7700            0.000000
                       C( 2, 1)        250.5400            0.000000
                       C( 2, 2)        350.5800            0.000000
                       C( 2, 3)        492.3800            0.000000
                       C( 2, 4)        263.7700            0.000000
                       C( 3, 1)       0.1000000E-01        0.000000
                       C( 3, 2)        369.6500            0.000000
                       C( 3, 3)        607.0600            0.000000
                       C( 3, 4)        284.3000            0.000000
                       C( 4, 1)       0.1000000E-01        0.000000
                       C( 4, 2)        369.6500            0.000000
                       C( 4, 3)        607.0600            0.000000
                       C( 4, 4)        284.3000            0.000000
                       C( 5, 1)        15.50000            0.000000
                       C( 5, 2)        354.5900            0.000000
                       C( 5, 3)        597.2000            0.000000
                       C( 5, 4)        269.2400            0.000000
                       C( 6, 1)        15.50000            0.000000
                       C( 6, 2)        354.5900            0.000000
                       C( 6, 3)        597.2000            0.000000
                       C( 6, 4)        269.2400            0.000000
                       C( 7, 1)        37.23000            0.000000
                       C( 7, 2)        333.8900            0.000000
                       C( 7, 3)        598.0900            0.000000
                       C( 7, 4)        248.5400            0.000000
                       C( 8, 1)        37.23000            0.000000
                       C( 8, 2)        333.8900            0.000000
                       C( 8, 3)        598.0900            0.000000
                       C( 8, 4)        248.5400            0.000000
                       C( 9, 1)        44.99000            0.000000
                       C( 9, 2)        357.6200            0.000000
                       C( 9, 3)        631.4200            0.000000
                       C( 9, 4)        272.2700            0.000000
                      C( 10, 1)        44.99000            0.000000
                      C( 10, 2)        357.6200            0.000000
                      C( 10, 3)        631.4200            0.000000
                      C( 10, 4)        272.2700            0.000000
                      C( 11, 1)        80.15000            0.000000
                      C( 11, 2)        393.3300            0.000000
                      C( 11, 3)        667.1300            0.000000
                      C( 11, 4)        307.9800            0.000000
                      C( 12, 1)        80.15000            0.000000
                      C( 12, 2)        393.3300            0.000000
                      C( 12, 3)        667.1300            0.000000
                      C( 12, 4)        307.9800            0.000000
                      C( 13, 1)        59.82000            0.000000
                      C( 13, 2)        317.7200            0.000000
                      C( 13, 3)        565.3100            0.000000
                      C( 13, 4)        230.9100            0.000000
                      C( 14, 1)        59.82000            0.000000
                      C( 14, 2)        317.7200            0.000000
                      C( 14, 3)        565.3100            0.000000
                      C( 14, 4)        230.9100            0.000000
                      C( 15, 1)        234.6100            0.000000
                      C( 15, 2)        548.5700            0.000000
                      C( 15, 3)        822.3700            0.000000
                      C( 15, 4)        463.2200            0.000000
                      C( 16, 1)        234.6100            0.000000
                      C( 16, 2)        548.5700            0.000000
                      C( 16, 3)        822.3700            0.000000
                      C( 16, 4)        463.2200            0.000000
                      C( 17, 1)        98.01000            0.000000
                      C( 17, 2)        272.9700            0.000000
                      C( 17, 3)        553.5200            0.000000
                      C( 17, 4)        187.6200            0.000000
                      C( 18, 1)        98.01000            0.000000
                      C( 18, 2)        272.9700            0.000000
                      C( 18, 3)        553.5200            0.000000
                      C( 18, 4)        187.6200            0.000000
                      C( 19, 1)        135.9900            0.000000
                      C( 19, 2)        244.2200            0.000000
                      C( 19, 3)        538.8300            0.000000
                      C( 19, 4)        158.8700            0.000000
                      C( 20, 1)        135.9900            0.000000
                      C( 20, 2)        244.2200            0.000000
                      C( 20, 3)        538.8300            0.000000
                      C( 20, 4)        158.8700            0.000000
                      C( 21, 1)        204.3800            0.000000
                      C( 21, 2)        298.4200            0.000000
                      C( 21, 3)        593.0300            0.000000
                      C( 21, 4)        213.0700            0.000000
                      C( 22, 1)        204.3800            0.000000
                      C( 22, 2)        298.4200            0.000000
                      C( 22, 3)        593.0300            0.000000
                      C( 22, 4)        213.0700            0.000000
                      C( 23, 1)        115.6300            0.000000
                      C( 23, 2)        268.8300            0.000000
                      C( 23, 3)        501.7300            0.000000
                      C( 23, 4)        182.0300            0.000000
                      C( 24, 1)        115.6300            0.000000
                      C( 24, 2)        268.8300            0.000000
                      C( 24, 3)        501.7300            0.000000
                      C( 24, 4)        182.0300            0.000000
                      C( 25, 1)        148.3600            0.000000
                      C( 25, 2)        285.8700            0.000000
                      C( 25, 3)        480.8000            0.000000
                      C( 25, 4)        199.0700            0.000000
                      C( 26, 1)        148.3600            0.000000
                      C( 26, 2)        285.8700            0.000000
                      C( 26, 3)        480.8000            0.000000
                      C( 26, 4)        199.0700            0.000000
                      C( 27, 1)        196.8700            0.000000
                      C( 27, 2)        263.4800            0.000000
                      C( 27, 3)        431.5100            0.000000
                      C( 27, 4)        176.6800            0.000000
                      C( 28, 1)        196.8700            0.000000
                      C( 28, 2)        263.4800            0.000000
                      C( 28, 3)        431.5100            0.000000
                      C( 28, 4)        176.6800            0.000000
                      C( 29, 1)        152.2000            0.000000
                      C( 29, 2)        226.4300            0.000000
                      C( 29, 3)        468.3300            0.000000
                      C( 29, 4)        139.6300            0.000000
                      C( 30, 1)        152.2000            0.000000
                      C( 30, 2)        226.4300            0.000000
                      C( 30, 3)        468.3300            0.000000
                      C( 30, 4)        139.6300            0.000000
                      C( 31, 1)        180.9700            0.000000
                      C( 31, 2)        206.8900            0.000000
                      C( 31, 3)        501.5000            0.000000
                      C( 31, 4)        121.5300            0.000000
                      C( 32, 1)        180.9700            0.000000
                      C( 32, 2)        206.8900            0.000000
                      C( 32, 3)        501.5000            0.000000
                      C( 32, 4)        121.5300            0.000000
                      C( 33, 1)        185.9900            0.000000
                      C( 33, 2)        255.1400            0.000000
                      C( 33, 3)        549.7500            0.000000
                      C( 33, 4)        169.7900            0.000000
                      C( 34, 1)        185.9900            0.000000
                      C( 34, 2)        255.1400            0.000000
                      C( 34, 3)        549.7500            0.000000
                      C( 34, 4)        169.7900            0.000000
                      C( 35, 1)        192.5400            0.000000
                      C( 35, 2)        206.8600            0.000000
                      C( 35, 3)        426.5100            0.000000
                      C( 35, 4)        120.0500            0.000000
                      C( 36, 1)        192.5400            0.000000
                      C( 36, 2)        206.8600            0.000000
                      C( 36, 3)        426.5100            0.000000
                      C( 36, 4)        120.0500            0.000000
                      C( 37, 1)        203.7200            0.000000
                      C( 37, 2)        176.3200            0.000000
                      C( 37, 3)        451.1300            0.000000
                      C( 37, 4)        89.51000            0.000000
                      C( 38, 1)        203.7200            0.000000
                      C( 38, 2)        176.3200            0.000000
                      C( 38, 3)        451.1300            0.000000
                      C( 38, 4)        89.51000            0.000000
                      C( 39, 1)        204.0900            0.000000
                      C( 39, 2)        175.3500            0.000000
                      C( 39, 3)        469.9600            0.000000
                      C( 39, 4)        90.00000            0.000000
                      C( 40, 1)        204.0900            0.000000
                      C( 40, 2)        175.3500            0.000000
                      C( 40, 3)        469.9600            0.000000
                      C( 40, 4)        90.00000            0.000000
                      C( 41, 1)        207.3500            0.000000
                      C( 41, 2)        177.6900            0.000000
                      C( 41, 3)        433.0700            0.000000
                      C( 41, 4)        90.88000            0.000000
                      C( 42, 1)        207.3500            0.000000
                      C( 42, 2)        177.6900            0.000000
                      C( 42, 3)        433.0700            0.000000
                      C( 42, 4)        90.88000            0.000000
                      C( 43, 1)        214.6400            0.000000
                      C( 43, 2)        223.8400            0.000000
                      C( 43, 3)        394.7500            0.000000
                      C( 43, 4)        138.4800            0.000000
                      C( 44, 1)        214.6400            0.000000
                      C( 44, 2)        223.8400            0.000000
                      C( 44, 3)        394.7500            0.000000
                      C( 44, 4)        138.4800            0.000000
                      C( 45, 1)        262.1500            0.000000
                      C( 45, 2)        275.2800            0.000000
                      C( 45, 3)        388.6900            0.000000
                      C( 45, 4)        189.9200            0.000000
                      C( 46, 1)        262.1500            0.000000
                      C( 46, 2)        275.2800            0.000000
                      C( 46, 3)        388.6900            0.000000
                      C( 46, 4)        189.9200            0.000000
                      C( 47, 1)        242.5900            0.000000
                      C( 47, 2)        231.9600            0.000000
                      C( 47, 3)        377.9000            0.000000
                      C( 47, 4)        146.6000            0.000000
                      C( 48, 1)        242.5900            0.000000
                      C( 48, 2)        231.9600            0.000000
                      C( 48, 3)        377.9000            0.000000
                      C( 48, 4)        146.6000            0.000000
                      C( 49, 1)        236.3100            0.000000
                      C( 49, 2)        178.9400            0.000000
                      C( 49, 3)        387.5000            0.000000
                      C( 49, 4)        93.58000            0.000000
                      C( 50, 1)        236.3100            0.000000
                      C( 50, 2)        178.9400            0.000000
                      C( 50, 3)        387.5000            0.000000
                      C( 50, 4)        93.58000            0.000000
                      C( 51, 1)        232.8600            0.000000
                      C( 51, 2)        137.7000            0.000000
                      C( 51, 3)        432.3100            0.000000
                      C( 51, 4)        52.35000            0.000000
                      C( 52, 1)        232.8600            0.000000
                      C( 52, 2)        137.7000            0.000000
                      C( 52, 3)        432.3100            0.000000
                      C( 52, 4)        52.35000            0.000000
                      C( 53, 1)        250.8300            0.000000
                      C( 53, 2)        106.9600            0.000000
                      C( 53, 3)        451.1600            0.000000
                      C( 53, 4)        71.20000            0.000000
                      C( 54, 1)        250.8300            0.000000
                      C( 54, 2)        106.9600            0.000000
                      C( 54, 3)        451.1600            0.000000
                      C( 54, 4)        71.20000            0.000000
                      C( 55, 1)        255.2700            0.000000
                      C( 55, 2)        143.9800            0.000000
                      C( 55, 3)        406.3200            0.000000
                      C( 55, 4)        58.63000            0.000000
                      C( 56, 1)        255.2700            0.000000
                      C( 56, 2)        143.9800            0.000000
                      C( 56, 3)        406.3200            0.000000
                      C( 56, 4)        58.63000            0.000000
                      C( 57, 1)        295.0900            0.000000
                      C( 57, 2)        255.7400            0.000000
                      C( 57, 3)        335.6300            0.000000
                      C( 57, 4)        171.2200            0.000000
                      C( 58, 1)        295.0900            0.000000
                      C( 58, 2)        255.7400            0.000000
                      C( 58, 3)        335.6300            0.000000
                      C( 58, 4)        171.2200            0.000000
                      C( 59, 1)        281.5700            0.000000
                      C( 59, 2)        155.1000            0.000000
                      C( 59, 3)        378.4600            0.000000
                      C( 59, 4)        70.58000            0.000000
                      C( 60, 1)        281.5700            0.000000
                      C( 60, 2)        155.1000            0.000000
                      C( 60, 3)        378.4600            0.000000
                      C( 60, 4)        70.58000            0.000000
                      C( 61, 1)        284.2500            0.000000
                      C( 61, 2)        85.22000            0.000000
                      C( 61, 3)        382.1500            0.000000
                      C( 61, 4)        0.000000            0.000000
                      C( 62, 1)        284.2500            0.000000
                      C( 62, 2)        85.22000            0.000000
                      C( 62, 3)        382.1500            0.000000
                      C( 62, 4)        0.000000            0.000000
                      C( 63, 1)        364.5800            0.000000
                      C( 63, 2)        53.58000            0.000000
                      C( 63, 3)        345.7900            0.000000
                      C( 63, 4)        81.09000            0.000000
                      C( 64, 1)        364.5800            0.000000
                      C( 64, 2)        53.58000            0.000000
                      C( 64, 3)        345.7900            0.000000
                      C( 64, 4)        81.09000            0.000000
                      C( 65, 1)        325.5500            0.000000
                      C( 65, 2)        79.96000            0.000000
                      C( 65, 3)        348.5200            0.000000
                      C( 65, 4)        42.06000            0.000000
                      C( 66, 1)        325.5500            0.000000
                      C( 66, 2)        79.96000            0.000000
                      C( 66, 3)        348.5200            0.000000
                      C( 66, 4)        42.06000            0.000000
                      C( 67, 1)        333.0900            0.000000
                      C( 67, 2)        107.3400            0.000000
                      C( 67, 3)        329.8500            0.000000
                      C( 67, 4)        51.17000            0.000000
                      C( 68, 1)        333.0900            0.000000
                      C( 68, 2)        107.3400            0.000000
                      C( 68, 3)        329.8500            0.000000
                      C( 68, 4)        51.17000            0.000000
                      C( 69, 1)        326.3100            0.000000
                      C( 69, 2)        163.5900            0.000000
                      C( 69, 3)        319.2100            0.000000
                      C( 69, 4)        79.07000            0.000000
                      C( 70, 1)        326.3100            0.000000
                      C( 70, 2)        163.5900            0.000000
                      C( 70, 3)        319.2100            0.000000
                      C( 70, 4)        79.07000            0.000000
                      C( 71, 1)        315.2900            0.000000
                      C( 71, 2)        250.1200            0.000000
                      C( 71, 3)        291.2100            0.000000
                      C( 71, 4)        165.6000            0.000000
                      C( 72, 1)        315.2900            0.000000
                      C( 72, 2)        250.1200            0.000000
                      C( 72, 3)        291.2100            0.000000
                      C( 72, 4)        165.6000            0.000000
                      C( 73, 1)        356.5300            0.000000
                      C( 73, 2)        309.9600            0.000000
                      C( 73, 3)        311.1400            0.000000
                      C( 73, 4)        225.4400            0.000000
                      C( 74, 1)        356.5300            0.000000
                      C( 74, 2)        309.9600            0.000000
                      C( 74, 3)        311.1400            0.000000
                      C( 74, 4)        225.4400            0.000000
                      C( 75, 1)        341.3700            0.000000
                      C( 75, 2)        228.6800            0.000000
                      C( 75, 3)        290.8400            0.000000
                      C( 75, 4)        144.1600            0.000000
                      C( 76, 1)        341.3700            0.000000
                      C( 76, 2)        228.6800            0.000000
                      C( 76, 3)        290.8400            0.000000
                      C( 76, 4)        144.1600            0.000000
                      C( 77, 1)        410.5900            0.000000
                      C( 77, 2)        92.08000            0.000000
                      C( 77, 3)        372.2400            0.000000
                      C( 77, 4)        127.1000            0.000000
                      C( 78, 1)        410.5900            0.000000
                      C( 78, 2)        92.08000            0.000000
                      C( 78, 3)        372.2400            0.000000
                      C( 78, 4)        127.1000            0.000000
                      C( 79, 1)        453.7300            0.000000
                      C( 79, 2)        135.2200            0.000000
                      C( 79, 3)        380.1800            0.000000
                      C( 79, 4)        170.2500            0.000000
                      C( 80, 1)        453.7300            0.000000
                      C( 80, 2)        135.2200            0.000000
                      C( 80, 3)        380.1800            0.000000
                      C( 80, 4)        170.2500            0.000000
                      C( 81, 1)        459.1300            0.000000
                      C( 81, 2)        144.0300            0.000000
                      C( 81, 3)        347.4800            0.000000
                      C( 81, 4)        175.6400            0.000000
                      C( 82, 1)        459.1300            0.000000
                      C( 82, 2)        144.0300            0.000000
                      C( 82, 3)        347.4800            0.000000
                      C( 82, 4)        175.6400            0.000000
                      C( 83, 1)        409.5500            0.000000
                      C( 83, 2)        97.32000            0.000000
                      C( 83, 3)        305.9100            0.000000
                      C( 83, 4)        126.0700            0.000000
                      C( 84, 1)        409.5500            0.000000
                      C( 84, 2)        97.32000            0.000000
                      C( 84, 3)        305.9100            0.000000
                      C( 84, 4)        126.0700            0.000000
                      C( 85, 1)        428.1100            0.000000
                      C( 85, 2)        156.4700            0.000000
                      C( 85, 3)        249.0000            0.000000
                      C( 85, 4)        146.1900            0.000000
                      C( 86, 1)        428.1100            0.000000
                      C( 86, 2)        156.4700            0.000000
                      C( 86, 3)        249.0000            0.000000
                      C( 86, 4)        146.1900            0.000000
                      C( 87, 1)        411.3900            0.000000
                      C( 87, 2)        202.9200            0.000000
                      C( 87, 3)        230.9800            0.000000
                      C( 87, 4)        163.6700            0.000000
                      C( 88, 1)        411.3900            0.000000
                      C( 88, 2)        202.9200            0.000000
                      C( 88, 3)        230.9800            0.000000
                      C( 88, 4)        163.6700            0.000000
                      C( 89, 1)        443.3800            0.000000
                      C( 89, 2)        256.2700            0.000000
                      C( 89, 3)        198.2700            0.000000
                      C( 89, 4)        217.0200            0.000000
                      C( 90, 1)        443.3800            0.000000
                      C( 90, 2)        256.2700            0.000000
                      C( 90, 3)        198.2700            0.000000
                      C( 90, 4)        217.0200            0.000000
                      C( 91, 1)        416.7000            0.000000
                      C( 91, 2)        299.1400            0.000000
                      C( 91, 3)        200.4500            0.000000
                      C( 91, 4)        267.0400            0.000000
                      C( 92, 1)        416.7000            0.000000
                      C( 92, 2)        299.1400            0.000000
                      C( 92, 3)        200.4500            0.000000
                      C( 92, 4)        267.0400            0.000000
                      C( 93, 1)        497.7800            0.000000
                      C( 93, 2)        368.3100            0.000000
                      C( 93, 3)        139.1600            0.000000
                      C( 93, 4)        322.5200            0.000000
                      C( 94, 1)        497.7800            0.000000
                      C( 94, 2)        368.3100            0.000000
                      C( 94, 3)        139.1600            0.000000
                      C( 94, 4)        322.5200            0.000000
                      C( 95, 1)        465.4700            0.000000
                      C( 95, 2)        254.0200            0.000000
                      C( 95, 3)        167.9400            0.000000
                      C( 95, 4)        225.1500            0.000000
                      C( 96, 1)        465.4700            0.000000
                      C( 96, 2)        254.0200            0.000000
                      C( 96, 3)        167.9400            0.000000
                      C( 96, 4)        225.1500            0.000000
                      C( 97, 1)        492.5500            0.000000
                      C( 97, 2)        216.5400            0.000000
                      C( 97, 3)        226.5800            0.000000
                      C( 97, 4)        210.6300            0.000000
                      C( 98, 1)        492.5500            0.000000
                      C( 98, 2)        216.5400            0.000000
                      C( 98, 3)        226.5800            0.000000
                      C( 98, 4)        210.6300            0.000000
                      C( 99, 1)        510.1200            0.000000
                      C( 99, 2)        197.8400            0.000000
                      C( 99, 3)        284.0800            0.000000
                      C( 99, 4)        228.2000            0.000000
                     C( 100, 1)        510.1200            0.000000
                     C( 100, 2)        197.8400            0.000000
                     C( 100, 3)        284.0800            0.000000
                     C( 100, 4)        228.2000            0.000000
                     C( 101, 1)        562.6700            0.000000
                     C( 101, 2)        256.1000            0.000000
                     C( 101, 3)        228.9700            0.000000
                     C( 101, 4)        280.7500            0.000000
                     C( 102, 1)        562.6700            0.000000
                     C( 102, 2)        256.1000            0.000000
                     C( 102, 3)        228.9700            0.000000
                     C( 102, 4)        280.7500            0.000000
                     C( 103, 1)        564.1400            0.000000
                     C( 103, 2)        298.8100            0.000000
                     C( 103, 3)        156.6400            0.000000
                     C( 103, 4)        291.0400            0.000000
                     C( 104, 1)        564.1400            0.000000
                     C( 104, 2)        298.8100            0.000000
                     C( 104, 3)        156.6400            0.000000
                     C( 104, 4)        291.0400            0.000000
                     C( 105, 1)        517.7300            0.000000
                     C( 105, 2)        292.4300            0.000000
                     C( 105, 3)        116.3000            0.000000
                     C( 105, 4)        268.5300            0.000000
                     C( 106, 1)        517.7300            0.000000
                     C( 106, 2)        292.4300            0.000000
                     C( 106, 3)        116.3000            0.000000
                     C( 106, 4)        268.5300            0.000000
                     C( 107, 1)        636.6600            0.000000
                     C( 107, 2)        392.2000            0.000000
                     C( 107, 3)        80.27000            0.000000
                     C( 107, 4)        367.6400            0.000000
                     C( 108, 1)        636.6600            0.000000
                     C( 108, 2)        392.2000            0.000000
                     C( 108, 3)        80.27000            0.000000
                     C( 108, 4)        367.6400            0.000000
                     C( 109, 1)        607.4800            0.000000
                     C( 109, 2)        407.2000            0.000000
                     C( 109, 3)        0.000000            0.000000
                     C( 109, 4)        382.6500            0.000000
                     C( 110, 1)        607.4800            0.000000
                     C( 110, 2)        407.2000            0.000000
                     C( 110, 3)        0.000000            0.000000
                     C( 110, 4)        382.6500            0.000000
                     C( 111, 1)        549.0900            0.000000
                     C( 111, 2)        350.5300            0.000000
                     C( 111, 3)        64.18000            0.000000
                     C( 111, 4)        326.6300            0.000000
                     C( 112, 1)        549.0900            0.000000
                     C( 112, 2)        350.5300            0.000000
                     C( 112, 3)        64.18000            0.000000
                     C( 112, 4)        326.6300            0.000000
                     C( 113, 1)        565.2500            0.000000
                     C( 113, 2)        423.2600            0.000000
                     C( 113, 3)        83.25000            0.000000
                     C( 113, 4)        394.3800            0.000000
                     C( 114, 1)        565.2500            0.000000
                     C( 114, 2)        423.2600            0.000000
                     C( 114, 3)        83.25000            0.000000
                     C( 114, 4)        394.3800            0.000000
                       X( 1, 1)        0.000000            0.000000
                       X( 1, 2)        0.000000            13.68040
                       X( 1, 3)        0.000000            138.6899
                       X( 1, 4)        0.000000            12.22040
                       X( 2, 1)        0.000000            0.000000
                       X( 2, 2)        0.000000            13.68040
                       X( 2, 3)        0.000000            138.6899
                       X( 2, 4)        0.000000            12.22040
                       X( 3, 1)        0.000000            0.000000
                       X( 3, 2)        0.000000            283.2804
                       X( 3, 3)        0.000000            503.8999
                       X( 3, 4)        0.000000            283.2804
                       X( 4, 1)        0.000000            0.000000
                       X( 4, 2)        0.000000            283.2804
                       X( 4, 3)        0.000000            503.8999
                       X( 4, 4)        0.000000            283.2804
                       X( 5, 1)        0.000000            0.000000
                       X( 5, 2)        0.000000            252.7304
                       X( 5, 3)        0.000000            478.5499
                       X( 5, 4)        0.000000            252.7304
                       X( 6, 1)        0.000000            0.000000
                       X( 6, 2)        0.000000            252.7304
                       X( 6, 3)        0.000000            478.5499
                       X( 6, 4)        0.000000            252.7304
                       X( 7, 1)        0.000000            0.000000
                       X( 7, 2)        0.000000            210.3004
                       X( 7, 3)        0.000000            457.7099
                       X( 7, 4)        0.000000            210.3004
                       X( 8, 1)        0.000000            0.000000
                       X( 8, 2)        0.000000            210.3004
                       X( 8, 3)        0.000000            457.7099
                       X( 8, 4)        0.000000            210.3004
                       X( 9, 1)        5.980000            0.000000
                       X( 9, 2)        0.000000            226.2704
                       X( 9, 3)        0.000000            483.2799
                       X( 9, 4)        0.000000            226.2704
                      X( 10, 1)        0.000000            0.000000
                      X( 10, 2)        0.000000            226.2704
                      X( 10, 3)        0.000000            483.2799
                      X( 10, 4)        0.000000            226.2704
                      X( 11, 1)        0.000000            0.000000
                      X( 11, 2)        0.000000            226.8204
                      X( 11, 3)        0.000000            483.8299
                      X( 11, 4)        0.000000            226.8204
                      X( 12, 1)        0.000000            0.000000
                      X( 12, 2)        0.000000            226.8204
                      X( 12, 3)        0.000000            483.8299
                      X( 12, 4)        0.000000            226.8204
                      X( 13, 1)        0.000000            0.000000
                      X( 13, 2)        0.000000            171.5404
                      X( 13, 3)        0.000000            402.3399
                      X( 13, 4)        0.000000            170.0804
                      X( 14, 1)        0.000000            0.000000
                      X( 14, 2)        0.000000            171.5404
                      X( 14, 3)        0.000000            402.3399
                      X( 14, 4)        0.000000            170.0804
                      X( 15, 1)        0.000000            0.000000
                      X( 15, 2)        0.000000            227.6004
                      X( 15, 3)        0.000000            484.6099
                      X( 15, 4)        0.000000            227.6004
                      X( 16, 1)        0.000000            0.000000
                      X( 16, 2)        0.000000            227.6004
                      X( 16, 3)        0.000000            484.6099
                      X( 16, 4)        0.000000            227.6004
                      X( 17, 1)        0.000000            0.000000
                      X( 17, 2)        0.000000            88.60040
                      X( 17, 3)        0.000000            352.3599
                      X( 17, 4)        0.000000            88.60040
                      X( 18, 1)        0.000000            0.000000
                      X( 18, 2)        0.000000            88.60040
                      X( 18, 3)        0.000000            352.3599
                      X( 18, 4)        0.000000            88.60040
                      X( 19, 1)        0.000000            0.000000
                      X( 19, 2)        0.000000            21.87040
                      X( 19, 3)        0.000000            299.6899
                      X( 19, 4)        0.000000            21.87040
                      X( 20, 1)        0.000000            0.000000
                      X( 20, 2)        0.000000            21.87040
                      X( 20, 3)        0.000000            299.6899
                      X( 20, 4)        0.000000            21.87040
                      X( 21, 1)        0.000000            0.000000
                      X( 21, 2)        0.000000            7.680400
                      X( 21, 3)        0.000000            285.4999
                      X( 21, 4)        0.000000            7.680400
                      X( 22, 1)        0.000000            0.000000
                      X( 22, 2)        0.000000            7.680400
                      X( 22, 3)        0.000000            285.4999
                      X( 22, 4)        0.000000            7.680400
                      X( 23, 1)        0.000000            0.000000
                      X( 23, 2)        0.000000            66.84040
                      X( 23, 3)        0.000000            282.9499
                      X( 23, 4)        0.000000            65.39040
                      X( 24, 1)        0.000000            0.000000
                      X( 24, 2)        0.000000            66.84040
                      X( 24, 3)        0.000000            282.9499
                      X( 24, 4)        0.000000            65.39040
                      X( 25, 1)        0.000000            0.000000
                      X( 25, 2)        0.000000            51.15040
                      X( 25, 3)        0.000000            229.2899
                      X( 25, 4)        0.000000            49.70040
                      X( 26, 1)        0.000000            0.000000
                      X( 26, 2)        0.000000            51.15040
                      X( 26, 3)        0.000000            229.2899
                      X( 26, 4)        0.000000            49.70040
                      X( 27, 1)        0.000000            21.19960
                      X( 27, 2)        0.000000            1.450000
                      X( 27, 3)        0.000000            152.6895
                      X( 27, 4)        0.000000            0.000000
                      X( 28, 1)        0.000000            21.19960
                      X( 28, 2)        0.000000            1.450000
                      X( 28, 3)        0.000000            152.6895
                      X( 28, 4)        0.000000            0.000000
                      X( 29, 1)        0.000000            13.57960
                      X( 29, 2)        0.000000            1.450000
                      X( 29, 3)        0.000000            226.5595
                      X( 29, 4)        0.000000            0.000000
                      X( 30, 1)        0.000000            13.57960
                      X( 30, 2)        0.000000            1.450000
                      X( 30, 3)        0.000000            226.5595
                      X( 30, 4)        0.000000            0.000000
                      X( 31, 1)        0.000000            60.44960
                      X( 31, 2)        0.000000           0.1000000E-01
                      X( 31, 3)        0.000000            277.8295
                      X( 31, 4)        0.000000            0.000000
                      X( 32, 1)        0.000000            60.44960
                      X( 32, 2)        0.000000           0.1000000E-01
                      X( 32, 3)        0.000000            277.8295
                      X( 32, 4)        0.000000            0.000000
                      X( 33, 1)        0.000000            17.20960
                      X( 33, 2)        0.000000            0.000000
                      X( 33, 3)        0.000000            277.8195
                      X( 33, 4)        0.000000            0.000000
                      X( 34, 1)        0.000000            17.20960
                      X( 34, 2)        0.000000            0.000000
                      X( 34, 3)        0.000000            277.8195
                      X( 34, 4)        0.000000            0.000000
                      X( 35, 1)        0.000000            73.49960
                      X( 35, 2)        0.000000            1.460000
                      X( 35, 3)        0.000000            204.3195
                      X( 35, 4)        0.000000            0.000000
                      X( 36, 1)        0.000000            73.49960
                      X( 36, 2)        0.000000            1.460000
                      X( 36, 3)        0.000000            204.3195
                      X( 36, 4)        0.000000            0.000000
                      X( 37, 1)        0.000000            115.2196
                      X( 37, 2)        0.000000            1.460000
                      X( 37, 3)        0.000000            259.4795
                      X( 37, 4)        0.000000            0.000000
                      X( 38, 1)        0.000000            115.2196
                      X( 38, 2)        0.000000            1.460000
                      X( 38, 3)        0.000000            259.4795
                      X( 38, 4)        0.000000            0.000000
                      X( 39, 1)        0.000000            115.0996
                      X( 39, 2)        0.000000            0.000000
                      X( 39, 3)        0.000000            277.8195
                      X( 39, 4)        0.000000            0.000000
                      X( 40, 1)        0.000000            115.0996
                      X( 40, 2)        0.000000            0.000000
                      X( 40, 3)        0.000000            277.8195
                      X( 40, 4)        0.000000            0.000000
                      X( 41, 1)        0.000000            117.4796
                      X( 41, 2)        0.000000            1.460000
                      X( 41, 3)        0.000000            240.0495
                      X( 41, 4)        0.000000            0.000000
                      X( 42, 1)        0.000000            117.4796
                      X( 42, 2)        0.000000            1.460000
                      X( 42, 3)        0.000000            240.0495
                      X( 42, 4)        0.000000            0.000000
                      X( 43, 1)        0.000000            77.16960
                      X( 43, 2)        0.000000           0.1000000E-01
                      X( 43, 3)        0.000000            154.1295
                      X( 43, 4)        0.000000            0.000000
                      X( 44, 1)        0.000000            77.16960
                      X( 44, 2)        0.000000           0.1000000E-01
                      X( 44, 3)        0.000000            154.1295
                      X( 44, 4)        0.000000            0.000000
                      X( 45, 1)        0.000000            73.23960
                      X( 45, 2)        0.000000           0.1000000E-01
                      X( 45, 3)        0.000000            96.62950
                      X( 45, 4)        0.000000            0.000000
                      X( 46, 1)        0.000000            73.23960
                      X( 46, 2)        0.000000           0.1000000E-01
                      X( 46, 3)        0.000000            96.62950
                      X( 46, 4)        0.000000            0.000000
                      X( 47, 1)        0.000000            96.99960
                      X( 47, 2)        0.000000           0.1000000E-01
                      X( 47, 3)        0.000000            129.1595
                      X( 47, 4)        0.000000            0.000000
                      X( 48, 1)        0.000000            96.99960
                      X( 48, 2)        0.000000           0.1000000E-01
                      X( 48, 3)        0.000000            129.1595
                      X( 48, 4)        0.000000            0.000000
                      X( 49, 1)        0.000000            143.7396
                      X( 49, 2)        0.000000           0.1000000E-01
                      X( 49, 3)        0.000000            191.7795
                      X( 49, 4)        0.000000            0.000000
                      X( 50, 1)        0.000000            143.7396
                      X( 50, 2)        0.000000           0.1000000E-01
                      X( 50, 3)        0.000000            191.7795
                      X( 50, 4)        0.000000            0.000000
                      X( 51, 1)        0.000000            181.5196
                      X( 51, 2)        0.000000            0.000000
                      X( 51, 3)        0.000000            277.8195
                      X( 51, 4)        0.000000            0.000000
                      X( 52, 1)        0.000000            181.5196
                      X( 52, 2)        0.000000            0.000000
                      X( 52, 3)        0.000000            277.8195
                      X( 52, 4)        0.000000            0.000000
                      X( 53, 1)        0.000000            230.2296
                      X( 53, 2)        0.000000            0.000000
                      X( 53, 3)        0.000000            327.4095
                      X( 53, 4)        0.000000            49.59000
                      X( 54, 1)        0.000000            230.2296
                      X( 54, 2)        0.000000            0.000000
                      X( 54, 3)        0.000000            327.4095
                      X( 54, 4)        0.000000            49.59000
                      X( 55, 1)        0.000000            197.6496
                      X( 55, 2)        3.790000            0.000000
                      X( 55, 3)        0.000000            245.5495
                      X( 55, 4)        2.530000            0.000000
                      X( 56, 1)        0.000000            197.6496
                      X( 56, 2)        0.000000            0.000000
                      X( 56, 3)        0.000000            245.5495
                      X( 56, 4)        0.000000            0.000000
                      X( 57, 1)        0.000000            125.7096
                      X( 57, 2)        0.000000            0.000000
                      X( 57, 3)        0.000000            63.09950
                      X( 57, 4)        0.000000           0.8300000
                      X( 58, 1)        0.000000            125.7096
                      X( 58, 2)        0.000000            0.000000
                      X( 58, 3)        0.000000            63.09950
                      X( 58, 4)        0.000000           0.8300000
                      X( 59, 1)        0.000000            212.8296
                      X( 59, 2)        0.000000            0.000000
                      X( 59, 3)        0.000000            206.5695
                      X( 59, 4)        0.000000           0.8300000
                      X( 60, 1)        0.000000            212.8296
                      X( 60, 2)        0.000000            0.000000
                      X( 60, 3)        0.000000            206.5695
                      X( 60, 4)        0.000000           0.8300000
                      X( 61, 1)        0.000000            285.3896
                      X( 61, 2)        0.000000            0.000000
                      X( 61, 3)        0.000000            280.1395
                      X( 61, 4)        0.000000           0.1300000
                      X( 62, 1)        0.000000            285.3896
                      X( 62, 2)        0.000000            0.000000
                      X( 62, 3)        0.000000            280.1395
                      X( 62, 4)        0.000000           0.1300000
                      X( 63, 1)        0.000000            397.3596
                      X( 63, 2)        0.000000            0.000000
                      X( 63, 3)        0.000000            275.4195
                      X( 63, 4)        0.000000            112.8600
                      X( 64, 1)        0.000000            397.3596
                      X( 64, 2)        0.000000            0.000000
                      X( 64, 3)        0.000000            275.4195
                      X( 64, 4)        0.000000            112.8600
                      X( 65, 1)        0.000000            331.9496
                      X( 65, 2)        0.000000            0.000000
                      X( 65, 3)        0.000000            251.7695
                      X( 65, 4)        0.000000            47.45000
                      X( 66, 1)        0.000000            331.9496
                      X( 66, 2)        0.000000            0.000000
                      X( 66, 3)        0.000000            251.7695
                      X( 66, 4)        0.000000            47.45000
                      X( 67, 1)        0.000000            312.1096
                      X( 67, 2)        0.000000            0.000000
                      X( 67, 3)        0.000000            205.7195
                      X( 67, 4)        0.000000            29.18000
                      X( 68, 1)        0.000000            312.1096
                      X( 68, 2)        0.000000            0.000000
                      X( 68, 3)        0.000000            205.7195
                      X( 68, 4)        0.000000            29.18000
                      X( 69, 1)        0.000000            249.0796
                      X( 69, 2)        0.000000            0.000000
                      X( 69, 3)        0.000000            138.8295
                      X( 69, 4)        0.000000           0.8300000
                      X( 70, 1)        0.000000            249.0796
                      X( 70, 2)        0.000000            0.000000
                      X( 70, 3)        0.000000            138.8295
                      X( 70, 4)        0.000000           0.8300000
                      X( 71, 1)        0.000000            151.5296
                      X( 71, 2)        0.000000            0.000000
                      X( 71, 3)        0.000000            24.29950
                      X( 71, 4)        0.000000           0.8300000
                      X( 72, 1)        0.000000            151.5296
                      X( 72, 2)        0.000000            0.000000
                      X( 72, 3)        0.000000            24.29950
                      X( 72, 4)        0.000000           0.8300000
                      X( 73, 1)        0.000000            148.5401
                      X( 73, 2)        0.000000            15.61050
                      X( 73, 3)        0.000000            0.000000
                      X( 73, 4)        0.000000            16.44050
                      X( 74, 1)        0.000000            148.5401
                      X( 74, 2)        0.000000            15.61050
                      X( 74, 3)        0.000000            0.000000
                      X( 74, 4)        0.000000            16.44050
                      X( 75, 1)        0.000000            199.0496
                      X( 75, 2)        0.000000            0.000000
                      X( 75, 3)        0.000000            45.36950
                      X( 75, 4)        0.000000           0.8300000
                      X( 76, 1)        0.000000            199.0496
                      X( 76, 2)        0.000000            0.000000
                      X( 76, 3)        0.000000            45.36950
                      X( 76, 4)        0.000000           0.8300000
                      X( 77, 1)        0.000000            404.8696
                      X( 77, 2)        0.000000            0.000000
                      X( 77, 3)        0.000000            263.3695
                      X( 77, 4)        0.000000            120.3700
                      X( 78, 1)        0.000000            404.8696
                      X( 78, 2)        0.000000            0.000000
                      X( 78, 3)        0.000000            263.3695
                      X( 78, 4)        0.000000            120.3700
                      X( 79, 1)        0.000000            404.8696
                      X( 79, 2)        0.000000            0.000000
                      X( 79, 3)        0.000000            228.1695
                      X( 79, 4)        0.000000            120.3800
                      X( 80, 1)        0.000000            404.8696
                      X( 80, 2)        0.000000            0.000000
                      X( 80, 3)        0.000000            228.1695
                      X( 80, 4)        0.000000            120.3800
                      X( 81, 1)        0.000000            401.4596
                      X( 81, 2)        0.000000            0.000000
                      X( 81, 3)        0.000000            186.6595
                      X( 81, 4)        0.000000            116.9600
                      X( 82, 1)        0.000000            401.4596
                      X( 82, 2)        0.000000            0.000000
                      X( 82, 3)        0.000000            186.6595
                      X( 82, 4)        0.000000            116.9600
                      X( 83, 1)        0.000000            398.5896
                      X( 83, 2)        0.000000            0.000000
                      X( 83, 3)        0.000000            191.7995
                      X( 83, 4)        0.000000            114.1000
                      X( 84, 1)        0.000000            398.5896
                      X( 84, 2)        0.000000            0.000000
                      X( 84, 3)        0.000000            191.7995
                      X( 84, 4)        0.000000            114.1000
                      X( 85, 1)        0.000000            357.9996
                      X( 85, 2)        0.000000            0.000000
                      X( 85, 3)        0.000000            75.73950
                      X( 85, 4)        0.000000            75.07000
                      X( 86, 1)        0.000000            357.9996
                      X( 86, 2)        0.000000            0.000000
                      X( 86, 3)        0.000000            75.73950
                      X( 86, 4)        0.000000            75.07000
                      X( 87, 1)        0.000000            294.8296
                      X( 87, 2)        0.000000            0.000000
                      X( 87, 3)        0.000000            11.26950
                      X( 87, 4)        0.000000            46.10000
                      X( 88, 1)        0.000000            294.8296
                      X( 88, 2)        0.000000            0.000000
                      X( 88, 3)        0.000000            11.26950
                      X( 88, 4)        0.000000            46.10000
                      X( 89, 1)        0.000000            348.2601
                      X( 89, 2)        0.000000            74.79050
                      X( 89, 3)        0.000000            0.000000
                      X( 89, 4)        0.000000            120.8905
                      X( 90, 1)        0.000000            348.2601
                      X( 90, 2)        0.000000            74.79050
                      X( 90, 3)        0.000000            0.000000
                      X( 90, 4)        0.000000            120.8905
                      X( 91, 1)        0.000000            319.4001
                      X( 91, 2)        0.000000            115.4805
                      X( 91, 3)        0.000000            0.000000
                      X( 91, 4)        0.000000            168.7305
                      X( 92, 1)        0.000000            319.4001
                      X( 92, 2)        0.000000            115.4805
                      X( 92, 3)        0.000000            0.000000
                      X( 92, 4)        0.000000            168.7305
                      X( 93, 1)        0.000000            461.7701
                      X( 93, 2)        0.000000            245.9405
                      X( 93, 3)        0.000000            0.000000
                      X( 93, 4)        0.000000            285.5005
                      X( 94, 1)        0.000000            461.7701
                      X( 94, 2)        0.000000            245.9405
                      X( 94, 3)        0.000000            0.000000
                      X( 94, 4)        0.000000            285.5005
                      X( 95, 1)        0.000000            400.6801
                      X( 95, 2)        0.000000            102.8705
                      X( 95, 3)        2.530000            0.000000
                      X( 95, 4)        0.000000            159.3505
                      X( 96, 1)        0.000000            400.6801
                      X( 96, 2)        0.000000            102.8705
                      X( 96, 3)        0.000000            0.000000
                      X( 96, 4)        0.000000            159.3505
                      X( 97, 1)        0.000000            369.1201
                      X( 97, 2)        0.000000            6.750500
                      X( 97, 3)        0.000000            0.000000
                      X( 97, 4)        0.000000            86.19050
                      X( 98, 1)        0.000000            369.1201
                      X( 98, 2)        0.000000            6.750500
                      X( 98, 3)        0.000000            0.000000
                      X( 98, 4)        0.000000            86.19050
                      X( 99, 1)        0.000000            398.6396
                      X( 99, 2)        0.000000            0.000000
                      X( 99, 3)        0.000000            69.44950
                      X( 99, 4)        0.000000            115.7100
                     X( 100, 1)        0.000000            398.6396
                     X( 100, 2)        0.000000            0.000000
                     X( 100, 3)        0.000000            69.44950
                     X( 100, 4)        0.000000            115.7100
                     X( 101, 1)        0.000000            436.8501
                     X( 101, 2)        0.000000            43.92050
                     X( 101, 3)        0.000000            0.000000
                     X( 101, 4)        0.000000            153.9205
                     X( 102, 1)        0.000000            436.8501
                     X( 102, 2)        0.000000            43.92050
                     X( 102, 3)        0.000000            0.000000
                     X( 102, 4)        0.000000            153.9205
                     X( 103, 1)        0.000000            510.6501
                     X( 103, 2)        0.000000            158.9605
                     X( 103, 3)        0.000000            0.000000
                     X( 103, 4)        0.000000            236.5405
                     X( 104, 1)        0.000000            510.6501
                     X( 104, 2)        0.000000            158.9605
                     X( 104, 3)        0.000000            0.000000
                     X( 104, 4)        0.000000            236.5405
                     X( 105, 1)        0.000000            504.5801
                     X( 105, 2)        0.000000            192.9205
                     X( 105, 3)        0.000000            0.000000
                     X( 105, 4)        0.000000            254.3705
                     X( 106, 1)        0.000000            504.5801
                     X( 106, 2)        0.000000            192.9205
                     X( 106, 3)        0.000000            0.000000
                     X( 106, 4)        0.000000            254.3705
                     X( 107, 1)        0.000000            659.5401
                     X( 107, 2)        0.000000            328.7205
                     X( 107, 3)        0.000000            0.000000
                     X( 107, 4)        0.000000            389.5105
                     X( 108, 1)        0.000000            659.5401
                     X( 108, 2)        0.000000            328.7205
                     X( 108, 3)        0.000000            0.000000
                     X( 108, 4)        0.000000            389.5105
                     X( 109, 1)        0.000000            710.6301
                     X( 109, 2)        0.000000            423.9905
                     X( 109, 3)        0.000000            0.000000
                     X( 109, 4)        0.000000            484.7905
                     X( 110, 1)        0.000000            710.6301
                     X( 110, 2)        0.000000            423.9905
                     X( 110, 3)        0.000000            0.000000
                     X( 110, 4)        0.000000            484.7905
                     X( 111, 1)        0.000000            588.0601
                     X( 111, 2)        0.000000            303.1405
                     X( 111, 3)        0.000000            0.000000
                     X( 111, 4)        0.000000            364.5905
                     X( 112, 1)        0.000000            588.0601
                     X( 112, 2)        0.000000            303.1405
                     X( 112, 3)        0.000000            0.000000
                     X( 112, 4)        0.000000            364.5905
                     X( 113, 1)        0.000000            585.1501
                     X( 113, 2)        0.000000            356.8005
                     X( 113, 3)        0.000000            0.000000
                     X( 113, 4)        0.000000            413.2705
                     X( 114, 1)        0.000000            585.1501
                     X( 114, 2)        0.000000            356.8005
                     X( 114, 3)        0.000000            0.000000
                     X( 114, 4)        0.000000            413.2705

                            Row    Slack or Surplus      Dual Price
                              1        56012.51           -1.000000
                              2        0.000000            3486.593
                              3        0.000000            3486.593
                              4        0.000000            3737.123
                              5        0.000000            3737.123
                              6        0.000000            3721.633
                              7        0.000000            3721.633
                              8        0.000000            3699.903
                              9        0.000000            3699.903
                             10        0.000000            3692.143
                             11        0.000000            3692.143
                             12        0.000000            3656.983
                             13        0.000000            3656.983
                             14        0.000000            3677.313
                             15        0.000000            3677.313
                             16        0.000000            3502.523
                             17        0.000000            3502.523
                             18        0.000000            3639.123
                             19        0.000000            3639.123
                             20        0.000000            3601.143
                             21        0.000000            3601.143
                             22        0.000000            3532.753
                             23        0.000000            3532.753
                             24        0.000000            3621.503
                             25        0.000000            3621.503
                             26        0.000000            3588.773
                             27        0.000000            3588.773
                             28        0.000000            3561.463
                             29        0.000000            3561.463
                             30        0.000000            3598.513
                             31        0.000000            3598.513
                             32        0.000000            3616.613
                             33        0.000000            3616.613
                             34        0.000000            3568.353
                             35        0.000000            3568.353
                             36        0.000000            3618.093
                             37        0.000000            3618.093
                             38        0.000000            3648.633
                             39        0.000000            3648.633
                             40        0.000000            3648.143
                             41        0.000000            3648.143
                             42        0.000000            3647.263
                             43        0.000000            3647.263
                             44        0.000000            3599.663
                             45        0.000000            3599.663
                             46        0.000000            3548.223
                             47        0.000000            3548.223
                             48        0.000000            3591.543
                             49        0.000000            3591.543
                             50        0.000000            3644.563
                             51        0.000000            3644.563
                             52        0.000000            3685.793
                             53        0.000000            3685.793
                             54        0.000000            3716.533
                             55        0.000000            3716.533
                             56        0.000000            3679.513
                             57        0.000000            3679.513
                             58        0.000000            3567.753
                             59        0.000000            3567.753
                             60        0.000000            3668.393
                             61        0.000000            3668.393
                             62        0.000000            3738.273
                             63        0.000000            3738.273
                             64        0.000000            3769.913
                             65        0.000000            3769.913
                             66        0.000000            3743.533
                             67        0.000000            3743.533
                             68        0.000000            3716.153
                             69        0.000000            3716.153
                             70        0.000000            3659.903
                             71        0.000000            3659.903
                             72        0.000000            3573.373
                             73        0.000000            3573.373
                             74        0.000000            3529.143
                             75        0.000000            3529.143
                             76        0.000000            3594.813
                             77        0.000000            3594.813
                             78        0.000000            3731.413
                             79        0.000000            3731.413
                             80        0.000000            3688.273
                             81        0.000000            3688.273
                             82        0.000000            3679.463
                             83        0.000000            3679.463
                             84        0.000000            3726.173
                             85        0.000000            3726.173
                             86        0.000000            3667.023
                             87        0.000000            3667.023
                             88        0.000000            3620.573
                             89        0.000000            3620.573
                             90        0.000000            3642.013
                             91        0.000000            3642.013
                             92        0.000000            3639.833
                             93        0.000000            3639.833
                             94        0.000000            3701.123
                             95        0.000000            3701.123
                             96        0.000000            3672.343
                             97        0.000000            3672.343
                             98        0.000000            3613.703
                             99        0.000000            3613.703
                            100        0.000000            3625.653
                            101        0.000000            3625.653
                            102        0.000000            3611.313
                            103        0.000000            3611.313
                            104        0.000000            3683.643
                            105        0.000000            3683.643
                            106        0.000000            3723.983
                            107        0.000000            3723.983
                            108        0.000000            3760.013
                            109        0.000000            3760.013
                            110        0.000000            3840.283
                            111        0.000000            3840.283
                            112        0.000000            3776.103
                            113        0.000000            3776.103
                            114        0.000000            3757.033
                            115        0.000000            3757.033
                            116        0.000000           -3737.133
                            117        0.000000           -3823.493
                            118        0.000000           -3840.283
                            119        0.000000           -3738.143

