  Global optimal solution found.
  Objective value:                              60652.71
  Objective bound:                              60652.71
  Infeasibilities:                             0.3885781E-15
  Extended solver steps:                             508
  Total solver iterations:                          3932


                       Variable           Value        Reduced Cost
                          D( 1)        5.980000            0.000000
                          D( 2)        3.790000            0.000000
                          D( 3)        2.530000            0.000000
                          D( 4)        2.530000            0.000000
                          S( 1)        1.107400            0.000000
                          S( 2)        1.282700            0.000000
                          S( 3)        1.914900            0.000000
                          S( 4)        1.099900            0.000000
                          S( 5)        1.363800            0.000000
                          S( 6)       0.7305000            0.000000
                          S( 7)       0.8958000            0.000000
                          S( 8)        1.331900            0.000000
                          S( 9)       0.5216000            0.000000
                         S( 10)       0.4619000            0.000000
                         S( 11)        2.309100            0.000000
                         S( 12)        1.417500            0.000000
                         S( 13)       0.3347000            0.000000
                         S( 14)       0.3347000            0.000000
                         S( 15)       0.5519000            0.000000
                         S( 16)       0.9198000            0.000000
                         S( 17)       0.3645000            0.000000
                         S( 18)        1.778400            0.000000
                         S( 19)       0.5030000            0.000000
                         S( 20)       0.4457000            0.000000
                         S( 21)       0.7888000            0.000000
                         S( 22)        1.066700            0.000000
                         S( 23)        1.822300            0.000000
                         S( 24)        1.538500            0.000000
                         S( 25)        3.576700            0.000000
                         S( 26)       0.4297000            0.000000
                         S( 27)       0.4860000            0.000000
                         S( 28)        1.151400            0.000000
                         S( 29)       0.3842000            0.000000
                         S( 30)       0.8239000            0.000000
                         S( 31)       0.9192000            0.000000
                         S( 32)        1.020400            0.000000
                         S( 33)       0.4308000            0.000000
                         S( 34)       0.7362000            0.000000
                         S( 35)        5.427800            0.000000
                         S( 36)       0.5921000            0.000000
                         S( 37)       0.7689000            0.000000
                         S( 38)       0.5396000            0.000000
                         S( 39)        2.305100            0.000000
                         S( 40)       0.2314000            0.000000
                         S( 41)        4.307900            0.000000
                         S( 42)       0.3408000            0.000000
                         S( 43)        1.895000            0.000000
                         S( 44)        1.006100            0.000000
                         S( 45)        3.370300            0.000000
                         S( 46)        1.523900            0.000000
                         S( 47)        1.127600            0.000000
                         S( 48)        4.521700            0.000000
                         S( 49)       0.6202000            0.000000
                         S( 50)        1.229900            0.000000
                         S( 51)        1.383100            0.000000
                         S( 52)       0.3826000            0.000000
                         S( 53)        2.520200            0.000000
                         S( 54)       0.3065000            0.000000
                         S( 55)        1.505600            0.000000
                         S( 56)       0.7291000            0.000000
                         S( 57)        2.023800            0.000000
                         S( 58)       0.4408000            0.000000
                         S( 59)        1.553100            0.000000
                         S( 60)        2.023200            0.000000
                         S( 61)        1.255400            0.000000
                         S( 62)       0.8433000            0.000000
                         S( 63)        1.596600            0.000000
                         S( 64)       0.2324000            0.000000
                         S( 65)       0.4618000            0.000000
                         S( 66)       0.3393000            0.000000
                         S( 67)       0.6041000            0.000000
                         S( 68)       0.5372000            0.000000
                         S( 69)       0.5078000            0.000000
                         S( 70)        6.380700            0.000000
                         S( 71)       0.4147000            0.000000
                         S( 72)        2.503600            0.000000
                         S( 73)       0.4650000            0.000000
                         S( 74)        3.673400            0.000000
                         S( 75)       0.2534000            0.000000
                         S( 76)       0.9789000            0.000000
                         S( 77)       0.2561000            0.000000
                         S( 78)        1.538400            0.000000
                         S( 79)       0.3077000            0.000000
                         S( 80)       0.6936000            0.000000
                         S( 81)        1.198000            0.000000
                         S( 82)       0.3077000            0.000000
                         S( 83)        1.385700            0.000000
                         S( 84)       0.2883000            0.000000
                         S( 85)       0.7488000            0.000000
                         S( 86)        2.155300            0.000000
                         S( 87)        1.542100            0.000000
                         S( 88)       0.4578000            0.000000
                         S( 89)       0.4077000            0.000000
                         S( 90)       0.2633000            0.000000
                         S( 91)       0.9798000            0.000000
                         S( 92)       0.6211000            0.000000
                         S( 93)       0.4629000            0.000000
                         S( 94)       0.6595000            0.000000
                         S( 95)        1.230800            0.000000
                         S( 96)       0.3751000            0.000000
                         S( 97)       0.3507000            0.000000
                         S( 98)        1.728700            0.000000
                         S( 99)        5.425000            0.000000
                        S( 100)       0.5194000            0.000000
                        S( 101)        2.255000            0.000000
                        S( 102)       0.6012000            0.000000
                        S( 103)       0.9942000            0.000000
                        S( 104)       0.8217000            0.000000
                        S( 105)        1.211900            0.000000
                        S( 106)        1.124500            0.000000
                        S( 107)        2.655800            0.000000
                        S( 108)        1.583300            0.000000
                        S( 109)       0.3543000            0.000000
                        S( 110)       0.3912000            0.000000
                        S( 111)       0.3077000            0.000000
                        S( 112)       0.9205000            0.000000
                        S( 113)       0.9545000            0.000000
                        S( 114)       0.9497000            0.000000
                          F( 1)        4625.320            0.000000
                          F( 2)        5358.402            0.000000
                          F( 3)        14814.97            0.000000
                          F( 4)        9628.578            0.000000
                          F( 5)        50040.60            0.000000
                          F( 6)        27658.66            0.000000
                          F( 7)        5322.617            0.000000
                          F( 8)        7261.619            0.000000
                          F( 9)        1925.822            0.000000
                         F( 10)        1706.917            0.000000
                         F( 11)        8497.801            0.000000
                         F( 12)        6966.753            0.000000
                         F( 13)        1526.340            0.000000
                         F( 14)        1526.340            0.000000
                         F( 15)        3459.746            0.000000
                         F( 16)        4632.769            0.000000
                         F( 17)        1867.415            0.000000
                         F( 18)        8601.715            0.000000
                         F( 19)        2923.179            0.000000
                         F( 20)        2590.439            0.000000
                         F( 21)        4355.154            0.000000
                         F( 22)        5889.177            0.000000
                         F( 23)        9050.738            0.000000
                         F( 24)        7641.054            0.000000
                         F( 25)        18927.43            0.000000
                         F( 26)        2511.743            0.000000
                         F( 27)        3070.057            0.000000
                         F( 28)        6038.886            0.000000
                         F( 29)        1873.592            0.000000
                         F( 30)        4009.854            0.000000
                         F( 31)        4300.485            0.000000
                         F( 32)        5041.328            0.000000
                         F( 33)        2112.515            0.000000
                         F( 34)        3895.579            0.000000
                         F( 35)        26558.30            0.000000
                         F( 36)        3230.963            0.000000
                         F( 37)        3379.360            0.000000
                         F( 38)        2785.561            0.000000
                         F( 39)        10579.89            0.000000
                         F( 40)        1033.438            0.000000
                         F( 41)        21825.60            0.000000
                         F( 42)        1729.613            0.000000
                         F( 43)        9412.387            0.000000
                         F( 44)        4996.884            0.000000
                         F( 45)        18490.73            0.000000
                         F( 46)        8287.467            0.000000
                         F( 47)        5453.714            0.000000
                         F( 48)        21575.99            0.000000
                         F( 49)        2766.208            0.000000
                         F( 50)        5405.467            0.000000
                         F( 51)        6018.298            0.000000
                         F( 52)        1986.552            0.000000
                         F( 53)        12517.03            0.000000
                         F( 54)        1450.708            0.000000
                         F( 55)        5539.874            0.000000
                         F( 56)        2692.549            0.000000
                         F( 57)        10813.77            0.000000
                         F( 58)        1963.154            0.000000
                         F( 59)        6926.869            0.000000
                         F( 60)        9013.569            0.000000
                         F( 61)        6725.200            0.000000
                         F( 62)        5287.225            0.000000
                         F( 63)        11064.28            0.000000
                         F( 64)        1635.362            0.000000
                         F( 65)        2034.238            0.000000
                         F( 66)        1495.100            0.000000
                         F( 67)        2807.064            0.000000
                         F( 68)        2449.646            0.000000
                         F( 69)        2455.758            0.000000
                         F( 70)        30363.77            0.000000
                         F( 71)        2221.739            0.000000
                         F( 72)        12069.84            0.000000
                         F( 73)        2111.003            0.000000
                         F( 74)        16679.13            0.000000
                         F( 75)        1148.184            0.000000
                         F( 76)        4455.131            0.000000
                         F( 77)        1821.690            0.000000
                         F( 78)        9840.927            0.000000
                         F( 79)        2229.346            0.000000
                         F( 80)        5249.200            0.000000
                         F( 81)        9833.517            0.000000
                         F( 82)        2239.172            0.000000
                         F( 83)        6594.867            0.000000
                         F( 84)        1469.931            0.000000
                         F( 85)        3300.769            0.000000
                         F( 86)        8799.721            0.000000
                         F( 87)        6867.194            0.000000
                         F( 88)        2199.347            0.000000
                         F( 89)        1855.985            0.000000
                         F( 90)        1198.292            0.000000
                         F( 91)        4752.499            0.000000
                         F( 92)        3025.257            0.000000
                         F( 93)        2062.364            0.000000
                         F( 94)        3130.597            0.000000
                         F( 95)        4519.920            0.000000
                         F( 96)        1382.095            0.000000
                         F( 97)        1535.731            0.000000
                         F( 98)        7638.454            0.000000
                         F( 99)        28585.64            0.000000
                        F( 100)        2889.523            0.000000
                        F( 101)        11926.61            0.000000
                        F( 102)        3075.890            0.000000
                        F( 103)        4128.400            0.000000
                        F( 104)        3995.985            0.000000
                        F( 105)        5157.677            0.000000
                        F( 106)        4785.805            0.000000
                        F( 107)        13777.96            0.000000
                        F( 108)        8227.292            0.000000
                        F( 109)        2105.033            0.000000
                        F( 110)        2884.583            0.000000
                        F( 111)        1378.177            0.000000
                        F( 112)        4221.223            0.000000
                        F( 113)        4406.910            0.000000
                        F( 114)        4389.202            0.000000
                          Y( 1)        1.000000            4445.678
                          Y( 2)        1.000000            5150.322
                          Y( 3)        0.000000            14024.60
                          Y( 4)        0.000000            9174.595
                          Y( 5)        0.000000            49498.81
                          Y( 6)        0.000000            27368.47
                          Y( 7)        0.000000            4986.217
                          Y( 8)        0.000000            6761.451
                          Y( 9)        1.000000            1733.993
                         Y( 10)        1.000000            1537.044
                         Y( 11)        1.000000            7729.772
                         Y( 12)        0.000000            6495.279
                         Y( 13)        0.000000            1408.211
                         Y( 14)        0.000000            1408.211
                         Y( 15)        0.000000            3361.425
                         Y( 16)        0.000000            4468.907
                         Y( 17)        0.000000            1752.689
                         Y( 18)        0.000000            8041.964
                         Y( 19)        0.000000            2783.964
                         Y( 20)        0.000000            2467.082
                         Y( 21)        0.000000            4190.784
                         Y( 22)        0.000000            5666.898
                         Y( 23)        0.000000            8509.279
                         Y( 24)        0.000000            7183.919
                         Y( 25)        0.000000            17981.75
                         Y( 26)        0.000000            2398.131
                         Y( 27)        0.000000            2965.135
                         Y( 28)        0.000000            5790.310
                         Y( 29)        0.000000            1773.485
                         Y( 30)        0.000000            3795.178
                         Y( 31)        0.000000            4087.423
                         Y( 32)        0.000000            4804.810
                         Y( 33)        0.000000            2014.823
                         Y( 34)        0.000000            3728.630
                         Y( 35)        0.000000            25362.99
                         Y( 36)        0.000000            3100.571
                         Y( 37)        0.000000            3218.629
                         Y( 38)        0.000000            2672.764
                         Y( 39)        0.000000            10098.89
                         Y( 40)        1.000000            985.1523
                         Y( 41)        0.000000            20940.71
                         Y( 42)        0.000000            1659.609
                         Y( 43)        0.000000            9036.949
                         Y( 44)        0.000000            4797.555
                         Y( 45)        0.000000            17983.13
                         Y( 46)        0.000000            8057.952
                         Y( 47)        0.000000            5261.830
                         Y( 48)        0.000000            20806.53
                         Y( 49)        0.000000            2656.773
                         Y( 50)        0.000000            5188.451
                         Y( 51)        0.000000            5769.479
                         Y( 52)        0.000000            1917.722
                         Y( 53)        0.000000            12108.94
                         Y( 54)        0.000000            1401.076
                         Y( 55)        1.000000            5302.757
                         Y( 56)        1.000000            2577.723
                         Y( 57)        0.000000            10575.63
                         Y( 58)        0.000000            1911.285
                         Y( 59)        0.000000            6700.831
                         Y( 60)        0.000000            8719.113
                         Y( 61)        0.000000            6453.883
                         Y( 62)        0.000000            5104.971
                         Y( 63)        0.000000            10744.26
                         Y( 64)        0.000000            1588.780
                         Y( 65)        1.000000            1953.858
                         Y( 66)        0.000000            1436.041
                         Y( 67)        0.000000            2707.418
                         Y( 68)        0.000000            2361.035
                         Y( 69)        0.000000            2386.165
                         Y( 70)        0.000000            29489.29
                         Y( 71)        0.000000            2181.318
                         Y( 72)        0.000000            11825.81
                         Y( 73)        0.000000            2084.856
                         Y( 74)        0.000000            16472.58
                         Y( 75)        1.000000            1129.949
                         Y( 76)        0.000000            4384.689
                         Y( 77)        0.000000            1780.217
                         Y( 78)        0.000000            9591.799
                         Y( 79)        0.000000            2192.791
                         Y( 80)        0.000000            5166.800
                         Y( 81)        0.000000            9701.749
                         Y( 82)        0.000000            2205.328
                         Y( 83)        0.000000            6377.728
                         Y( 84)        0.000000            1424.754
                         Y( 85)        0.000000            3227.724
                         Y( 86)        1.000000            8589.472
                         Y( 87)        0.000000            6786.311
                         Y( 88)        0.000000            2175.336
                         Y( 89)        0.000000            1855.985
                         Y( 90)        0.000000            1198.292
                         Y( 91)        0.000000            4752.499
                         Y( 92)        0.000000            3025.257
                         Y( 93)        0.000000            2049.042
                         Y( 94)        0.000000            3111.616
                         Y( 95)        1.000000            4519.920
                         Y( 96)        1.000000            1382.095
                         Y( 97)        0.000000            1522.587
                         Y( 98)        0.000000            7573.662
                         Y( 99)        0.000000            28280.86
                        Y( 100)        0.000000            2860.343
                        Y( 101)        0.000000            11926.61
                        Y( 102)        0.000000            3075.890
                        Y( 103)        1.000000            4117.166
                        Y( 104)        0.000000            3986.699
                        Y( 105)        1.000000            5095.095
                        Y( 106)        0.000000            4727.735
                        Y( 107)        0.000000            13545.13
                        Y( 108)        0.000000            8088.484
                        Y( 109)        0.000000            2045.532
                        Y( 110)        0.000000            2818.885
                        Y( 111)        0.000000            1346.250
                        Y( 112)        0.000000            4125.712
                        Y( 113)        0.000000            4326.073
                        Y( 114)        0.000000            4308.772
                       C( 1, 1)        250.5400            0.000000
                       C( 1, 2)        350.5800            0.000000
                       C( 1, 3)        492.3800            0.000000
                       C( 1, 4)        263.7700            0.000000
                       C( 2, 1)        250.5400            0.000000
                       C( 2, 2)        350.5800            0.000000
                       C( 2, 3)        492.3800            0.000000
                       C( 2, 4)        263.7700            0.000000
                       C( 3, 1)       0.1000000E-01        0.000000
                       C( 3, 2)        369.6500            0.000000
                       C( 3, 3)        607.0600            0.000000
                       C( 3, 4)        284.3000            0.000000
                       C( 4, 1)       0.1000000E-01        0.000000
                       C( 4, 2)        369.6500            0.000000
                       C( 4, 3)        607.0600            0.000000
                       C( 4, 4)        284.3000            0.000000
                       C( 5, 1)        15.50000            0.000000
                       C( 5, 2)        354.5900            0.000000
                       C( 5, 3)        597.2000            0.000000
                       C( 5, 4)        269.2400            0.000000
                       C( 6, 1)        15.50000            0.000000
                       C( 6, 2)        354.5900            0.000000
                       C( 6, 3)        597.2000            0.000000
                       C( 6, 4)        269.2400            0.000000
                       C( 7, 1)        37.23000            0.000000
                       C( 7, 2)        333.8900            0.000000
                       C( 7, 3)        598.0900            0.000000
                       C( 7, 4)        248.5400            0.000000
                       C( 8, 1)        37.23000            0.000000
                       C( 8, 2)        333.8900            0.000000
                       C( 8, 3)        598.0900            0.000000
                       C( 8, 4)        248.5400            0.000000
                       C( 9, 1)        44.99000            0.000000
                       C( 9, 2)        357.6200            0.000000
                       C( 9, 3)        631.4200            0.000000
                       C( 9, 4)        272.2700            0.000000
                      C( 10, 1)        44.99000            0.000000
                      C( 10, 2)        357.6200            0.000000
                      C( 10, 3)        631.4200            0.000000
                      C( 10, 4)        272.2700            0.000000
                      C( 11, 1)        80.15000            0.000000
                      C( 11, 2)        393.3300            0.000000
                      C( 11, 3)        667.1300            0.000000
                      C( 11, 4)        307.9800            0.000000
                      C( 12, 1)        80.15000            0.000000
                      C( 12, 2)        393.3300            0.000000
                      C( 12, 3)        667.1300            0.000000
                      C( 12, 4)        307.9800            0.000000
                      C( 13, 1)        59.82000            0.000000
                      C( 13, 2)        317.7200            0.000000
                      C( 13, 3)        565.3100            0.000000
                      C( 13, 4)        230.9100            0.000000
                      C( 14, 1)        59.82000            0.000000
                      C( 14, 2)        317.7200            0.000000
                      C( 14, 3)        565.3100            0.000000
                      C( 14, 4)        230.9100            0.000000
                      C( 15, 1)        234.6100            0.000000
                      C( 15, 2)        548.5700            0.000000
                      C( 15, 3)        822.3700            0.000000
                      C( 15, 4)        463.2200            0.000000
                      C( 16, 1)        234.6100            0.000000
                      C( 16, 2)        548.5700            0.000000
                      C( 16, 3)        822.3700            0.000000
                      C( 16, 4)        463.2200            0.000000
                      C( 17, 1)        98.01000            0.000000
                      C( 17, 2)        272.9700            0.000000
                      C( 17, 3)        553.5200            0.000000
                      C( 17, 4)        187.6200            0.000000
                      C( 18, 1)        98.01000            0.000000
                      C( 18, 2)        272.9700            0.000000
                      C( 18, 3)        553.5200            0.000000
                      C( 18, 4)        187.6200            0.000000
                      C( 19, 1)        135.9900            0.000000
                      C( 19, 2)        244.2200            0.000000
                      C( 19, 3)        538.8300            0.000000
                      C( 19, 4)        158.8700            0.000000
                      C( 20, 1)        135.9900            0.000000
                      C( 20, 2)        244.2200            0.000000
                      C( 20, 3)        538.8300            0.000000
                      C( 20, 4)        158.8700            0.000000
                      C( 21, 1)        204.3800            0.000000
                      C( 21, 2)        298.4200            0.000000
                      C( 21, 3)        593.0300            0.000000
                      C( 21, 4)        213.0700            0.000000
                      C( 22, 1)        204.3800            0.000000
                      C( 22, 2)        298.4200            0.000000
                      C( 22, 3)        593.0300            0.000000
                      C( 22, 4)        213.0700            0.000000
                      C( 23, 1)        115.6300            0.000000
                      C( 23, 2)        268.8300            0.000000
                      C( 23, 3)        501.7300            0.000000
                      C( 23, 4)        182.0300            0.000000
                      C( 24, 1)        115.6300            0.000000
                      C( 24, 2)        268.8300            0.000000
                      C( 24, 3)        501.7300            0.000000
                      C( 24, 4)        182.0300            0.000000
                      C( 25, 1)        148.3600            0.000000
                      C( 25, 2)        285.8700            0.000000
                      C( 25, 3)        480.8000            0.000000
                      C( 25, 4)        199.0700            0.000000
                      C( 26, 1)        148.3600            0.000000
                      C( 26, 2)        285.8700            0.000000
                      C( 26, 3)        480.8000            0.000000
                      C( 26, 4)        199.0700            0.000000
                      C( 27, 1)        196.8700            0.000000
                      C( 27, 2)        263.4800            0.000000
                      C( 27, 3)        431.5100            0.000000
                      C( 27, 4)        176.6800            0.000000
                      C( 28, 1)        196.8700            0.000000
                      C( 28, 2)        263.4800            0.000000
                      C( 28, 3)        431.5100            0.000000
                      C( 28, 4)        176.6800            0.000000
                      C( 29, 1)        152.2000            0.000000
                      C( 29, 2)        226.4300            0.000000
                      C( 29, 3)        468.3300            0.000000
                      C( 29, 4)        139.6300            0.000000
                      C( 30, 1)        152.2000            0.000000
                      C( 30, 2)        226.4300            0.000000
                      C( 30, 3)        468.3300            0.000000
                      C( 30, 4)        139.6300            0.000000
                      C( 31, 1)        180.9700            0.000000
                      C( 31, 2)        206.8900            0.000000
                      C( 31, 3)        501.5000            0.000000
                      C( 31, 4)        121.5300            0.000000
                      C( 32, 1)        180.9700            0.000000
                      C( 32, 2)        206.8900            0.000000
                      C( 32, 3)        501.5000            0.000000
                      C( 32, 4)        121.5300            0.000000
                      C( 33, 1)        185.9900            0.000000
                      C( 33, 2)        255.1400            0.000000
                      C( 33, 3)        549.7500            0.000000
                      C( 33, 4)        169.7900            0.000000
                      C( 34, 1)        185.9900            0.000000
                      C( 34, 2)        255.1400            0.000000
                      C( 34, 3)        549.7500            0.000000
                      C( 34, 4)        169.7900            0.000000
                      C( 35, 1)        192.5400            0.000000
                      C( 35, 2)        206.8600            0.000000
                      C( 35, 3)        426.5100            0.000000
                      C( 35, 4)        120.0500            0.000000
                      C( 36, 1)        192.5400            0.000000
                      C( 36, 2)        206.8600            0.000000
                      C( 36, 3)        426.5100            0.000000
                      C( 36, 4)        120.0500            0.000000
                      C( 37, 1)        203.7200            0.000000
                      C( 37, 2)        176.3200            0.000000
                      C( 37, 3)        451.1300            0.000000
                      C( 37, 4)        89.51000            0.000000
                      C( 38, 1)        203.7200            0.000000
                      C( 38, 2)        176.3200            0.000000
                      C( 38, 3)        451.1300            0.000000
                      C( 38, 4)        89.51000            0.000000
                      C( 39, 1)        204.0900            0.000000
                      C( 39, 2)        175.3500            0.000000
                      C( 39, 3)        469.9600            0.000000
                      C( 39, 4)        90.00000            0.000000
                      C( 40, 1)        204.0900            0.000000
                      C( 40, 2)        175.3500            0.000000
                      C( 40, 3)        469.9600            0.000000
                      C( 40, 4)        90.00000            0.000000
                      C( 41, 1)        207.3500            0.000000
                      C( 41, 2)        177.6900            0.000000
                      C( 41, 3)        433.0700            0.000000
                      C( 41, 4)        90.88000            0.000000
                      C( 42, 1)        207.3500            0.000000
                      C( 42, 2)        177.6900            0.000000
                      C( 42, 3)        433.0700            0.000000
                      C( 42, 4)        90.88000            0.000000
                      C( 43, 1)        214.6400            0.000000
                      C( 43, 2)        223.8400            0.000000
                      C( 43, 3)        394.7500            0.000000
                      C( 43, 4)        138.4800            0.000000
                      C( 44, 1)        214.6400            0.000000
                      C( 44, 2)        223.8400            0.000000
                      C( 44, 3)        394.7500            0.000000
                      C( 44, 4)        138.4800            0.000000
                      C( 45, 1)        262.1500            0.000000
                      C( 45, 2)        275.2800            0.000000
                      C( 45, 3)        388.6900            0.000000
                      C( 45, 4)        189.9200            0.000000
                      C( 46, 1)        262.1500            0.000000
                      C( 46, 2)        275.2800            0.000000
                      C( 46, 3)        388.6900            0.000000
                      C( 46, 4)        189.9200            0.000000
                      C( 47, 1)        242.5900            0.000000
                      C( 47, 2)        231.9600            0.000000
                      C( 47, 3)        377.9000            0.000000
                      C( 47, 4)        146.6000            0.000000
                      C( 48, 1)        242.5900            0.000000
                      C( 48, 2)        231.9600            0.000000
                      C( 48, 3)        377.9000            0.000000
                      C( 48, 4)        146.6000            0.000000
                      C( 49, 1)        236.3100            0.000000
                      C( 49, 2)        178.9400            0.000000
                      C( 49, 3)        387.5000            0.000000
                      C( 49, 4)        93.58000            0.000000
                      C( 50, 1)        236.3100            0.000000
                      C( 50, 2)        178.9400            0.000000
                      C( 50, 3)        387.5000            0.000000
                      C( 50, 4)        93.58000            0.000000
                      C( 51, 1)        232.8600            0.000000
                      C( 51, 2)        137.7000            0.000000
                      C( 51, 3)        432.3100            0.000000
                      C( 51, 4)        52.35000            0.000000
                      C( 52, 1)        232.8600            0.000000
                      C( 52, 2)        137.7000            0.000000
                      C( 52, 3)        432.3100            0.000000
                      C( 52, 4)        52.35000            0.000000
                      C( 53, 1)        250.8300            0.000000
                      C( 53, 2)        106.9600            0.000000
                      C( 53, 3)        451.1600            0.000000
                      C( 53, 4)        71.20000            0.000000
                      C( 54, 1)        250.8300            0.000000
                      C( 54, 2)        106.9600            0.000000
                      C( 54, 3)        451.1600            0.000000
                      C( 54, 4)        71.20000            0.000000
                      C( 55, 1)        255.2700            0.000000
                      C( 55, 2)        143.9800            0.000000
                      C( 55, 3)        406.3200            0.000000
                      C( 55, 4)        58.63000            0.000000
                      C( 56, 1)        255.2700            0.000000
                      C( 56, 2)        143.9800            0.000000
                      C( 56, 3)        406.3200            0.000000
                      C( 56, 4)        58.63000            0.000000
                      C( 57, 1)        295.0900            0.000000
                      C( 57, 2)        255.7400            0.000000
                      C( 57, 3)        335.6300            0.000000
                      C( 57, 4)        171.2200            0.000000
                      C( 58, 1)        295.0900            0.000000
                      C( 58, 2)        255.7400            0.000000
                      C( 58, 3)        335.6300            0.000000
                      C( 58, 4)        171.2200            0.000000
                      C( 59, 1)        281.5700            0.000000
                      C( 59, 2)        155.1000            0.000000
                      C( 59, 3)        378.4600            0.000000
                      C( 59, 4)        70.58000            0.000000
                      C( 60, 1)        281.5700            0.000000
                      C( 60, 2)        155.1000            0.000000
                      C( 60, 3)        378.4600            0.000000
                      C( 60, 4)        70.58000            0.000000
                      C( 61, 1)        284.2500            0.000000
                      C( 61, 2)        85.22000            0.000000
                      C( 61, 3)        382.1500            0.000000
                      C( 61, 4)        0.000000            0.000000
                      C( 62, 1)        284.2500            0.000000
                      C( 62, 2)        85.22000            0.000000
                      C( 62, 3)        382.1500            0.000000
                      C( 62, 4)        0.000000            0.000000
                      C( 63, 1)        364.5800            0.000000
                      C( 63, 2)        53.58000            0.000000
                      C( 63, 3)        345.7900            0.000000
                      C( 63, 4)        81.09000            0.000000
                      C( 64, 1)        364.5800            0.000000
                      C( 64, 2)        53.58000            0.000000
                      C( 64, 3)        345.7900            0.000000
                      C( 64, 4)        81.09000            0.000000
                      C( 65, 1)        325.5500            0.000000
                      C( 65, 2)        79.96000            0.000000
                      C( 65, 3)        348.5200            0.000000
                      C( 65, 4)        42.06000            0.000000
                      C( 66, 1)        325.5500            0.000000
                      C( 66, 2)        79.96000            0.000000
                      C( 66, 3)        348.5200            0.000000
                      C( 66, 4)        42.06000            0.000000
                      C( 67, 1)        333.0900            0.000000
                      C( 67, 2)        107.3400            0.000000
                      C( 67, 3)        329.8500            0.000000
                      C( 67, 4)        51.17000            0.000000
                      C( 68, 1)        333.0900            0.000000
                      C( 68, 2)        107.3400            0.000000
                      C( 68, 3)        329.8500            0.000000
                      C( 68, 4)        51.17000            0.000000
                      C( 69, 1)        326.3100            0.000000
                      C( 69, 2)        163.5900            0.000000
                      C( 69, 3)        319.2100            0.000000
                      C( 69, 4)        79.07000            0.000000
                      C( 70, 1)        326.3100            0.000000
                      C( 70, 2)        163.5900            0.000000
                      C( 70, 3)        319.2100            0.000000
                      C( 70, 4)        79.07000            0.000000
                      C( 71, 1)        315.2900            0.000000
                      C( 71, 2)        250.1200            0.000000
                      C( 71, 3)        291.2100            0.000000
                      C( 71, 4)        165.6000            0.000000
                      C( 72, 1)        315.2900            0.000000
                      C( 72, 2)        250.1200            0.000000
                      C( 72, 3)        291.2100            0.000000
                      C( 72, 4)        165.6000            0.000000
                      C( 73, 1)        356.5300            0.000000
                      C( 73, 2)        309.9600            0.000000
                      C( 73, 3)        311.1400            0.000000
                      C( 73, 4)        225.4400            0.000000
                      C( 74, 1)        356.5300            0.000000
                      C( 74, 2)        309.9600            0.000000
                      C( 74, 3)        311.1400            0.000000
                      C( 74, 4)        225.4400            0.000000
                      C( 75, 1)        341.3700            0.000000
                      C( 75, 2)        228.6800            0.000000
                      C( 75, 3)        290.8400            0.000000
                      C( 75, 4)        144.1600            0.000000
                      C( 76, 1)        341.3700            0.000000
                      C( 76, 2)        228.6800            0.000000
                      C( 76, 3)        290.8400            0.000000
                      C( 76, 4)        144.1600            0.000000
                      C( 77, 1)        410.5900            0.000000
                      C( 77, 2)        92.08000            0.000000
                      C( 77, 3)        372.2400            0.000000
                      C( 77, 4)        127.1000            0.000000
                      C( 78, 1)        410.5900            0.000000
                      C( 78, 2)        92.08000            0.000000
                      C( 78, 3)        372.2400            0.000000
                      C( 78, 4)        127.1000            0.000000
                      C( 79, 1)        453.7300            0.000000
                      C( 79, 2)        135.2200            0.000000
                      C( 79, 3)        380.1800            0.000000
                      C( 79, 4)        170.2500            0.000000
                      C( 80, 1)        453.7300            0.000000
                      C( 80, 2)        135.2200            0.000000
                      C( 80, 3)        380.1800            0.000000
                      C( 80, 4)        170.2500            0.000000
                      C( 81, 1)        459.1300            0.000000
                      C( 81, 2)        144.0300            0.000000
                      C( 81, 3)        347.4800            0.000000
                      C( 81, 4)        175.6400            0.000000
                      C( 82, 1)        459.1300            0.000000
                      C( 82, 2)        144.0300            0.000000
                      C( 82, 3)        347.4800            0.000000
                      C( 82, 4)        175.6400            0.000000
                      C( 83, 1)        409.5500            0.000000
                      C( 83, 2)        97.32000            0.000000
                      C( 83, 3)        305.9100            0.000000
                      C( 83, 4)        126.0700            0.000000
                      C( 84, 1)        409.5500            0.000000
                      C( 84, 2)        97.32000            0.000000
                      C( 84, 3)        305.9100            0.000000
                      C( 84, 4)        126.0700            0.000000
                      C( 85, 1)        428.1100            0.000000
                      C( 85, 2)        156.4700            0.000000
                      C( 85, 3)        249.0000            0.000000
                      C( 85, 4)        146.1900            0.000000
                      C( 86, 1)        428.1100            0.000000
                      C( 86, 2)        156.4700            0.000000
                      C( 86, 3)        249.0000            0.000000
                      C( 86, 4)        146.1900            0.000000
                      C( 87, 1)        411.3900            0.000000
                      C( 87, 2)        202.9200            0.000000
                      C( 87, 3)        230.9800            0.000000
                      C( 87, 4)        163.6700            0.000000
                      C( 88, 1)        411.3900            0.000000
                      C( 88, 2)        202.9200            0.000000
                      C( 88, 3)        230.9800            0.000000
                      C( 88, 4)        163.6700            0.000000
                      C( 89, 1)        443.3800            0.000000
                      C( 89, 2)        256.2700            0.000000
                      C( 89, 3)        198.2700            0.000000
                      C( 89, 4)        217.0200            0.000000
                      C( 90, 1)        443.3800            0.000000
                      C( 90, 2)        256.2700            0.000000
                      C( 90, 3)        198.2700            0.000000
                      C( 90, 4)        217.0200            0.000000
                      C( 91, 1)        416.7000            0.000000
                      C( 91, 2)        299.1400            0.000000
                      C( 91, 3)        200.4500            0.000000
                      C( 91, 4)        267.0400            0.000000
                      C( 92, 1)        416.7000            0.000000
                      C( 92, 2)        299.1400            0.000000
                      C( 92, 3)        200.4500            0.000000
                      C( 92, 4)        267.0400            0.000000
                      C( 93, 1)        497.7800            0.000000
                      C( 93, 2)        368.3100            0.000000
                      C( 93, 3)        139.1600            0.000000
                      C( 93, 4)        322.5200            0.000000
                      C( 94, 1)        497.7800            0.000000
                      C( 94, 2)        368.3100            0.000000
                      C( 94, 3)        139.1600            0.000000
                      C( 94, 4)        322.5200            0.000000
                      C( 95, 1)        465.4700            0.000000
                      C( 95, 2)        254.0200            0.000000
                      C( 95, 3)        167.9400            0.000000
                      C( 95, 4)        225.1500            0.000000
                      C( 96, 1)        465.4700            0.000000
                      C( 96, 2)        254.0200            0.000000
                      C( 96, 3)        167.9400            0.000000
                      C( 96, 4)        225.1500            0.000000
                      C( 97, 1)        492.5500            0.000000
                      C( 97, 2)        216.5400            0.000000
                      C( 97, 3)        226.5800            0.000000
                      C( 97, 4)        210.6300            0.000000
                      C( 98, 1)        492.5500            0.000000
                      C( 98, 2)        216.5400            0.000000
                      C( 98, 3)        226.5800            0.000000
                      C( 98, 4)        210.6300            0.000000
                      C( 99, 1)        510.1200            0.000000
                      C( 99, 2)        197.8400            0.000000
                      C( 99, 3)        284.0800            0.000000
                      C( 99, 4)        228.2000            0.000000
                     C( 100, 1)        510.1200            0.000000
                     C( 100, 2)        197.8400            0.000000
                     C( 100, 3)        284.0800            0.000000
                     C( 100, 4)        228.2000            0.000000
                     C( 101, 1)        562.6700            0.000000
                     C( 101, 2)        256.1000            0.000000
                     C( 101, 3)        228.9700            0.000000
                     C( 101, 4)        280.7500            0.000000
                     C( 102, 1)        562.6700            0.000000
                     C( 102, 2)        256.1000            0.000000
                     C( 102, 3)        228.9700            0.000000
                     C( 102, 4)        280.7500            0.000000
                     C( 103, 1)        564.1400            0.000000
                     C( 103, 2)        298.8100            0.000000
                     C( 103, 3)        156.6400            0.000000
                     C( 103, 4)        291.0400            0.000000
                     C( 104, 1)        564.1400            0.000000
                     C( 104, 2)        298.8100            0.000000
                     C( 104, 3)        156.6400            0.000000
                     C( 104, 4)        291.0400            0.000000
                     C( 105, 1)        517.7300            0.000000
                     C( 105, 2)        292.4300            0.000000
                     C( 105, 3)        116.3000            0.000000
                     C( 105, 4)        268.5300            0.000000
                     C( 106, 1)        517.7300            0.000000
                     C( 106, 2)        292.4300            0.000000
                     C( 106, 3)        116.3000            0.000000
                     C( 106, 4)        268.5300            0.000000
                     C( 107, 1)        636.6600            0.000000
                     C( 107, 2)        392.2000            0.000000
                     C( 107, 3)        80.27000            0.000000
                     C( 107, 4)        367.6400            0.000000
                     C( 108, 1)        636.6600            0.000000
                     C( 108, 2)        392.2000            0.000000
                     C( 108, 3)        80.27000            0.000000
                     C( 108, 4)        367.6400            0.000000
                     C( 109, 1)        607.4800            0.000000
                     C( 109, 2)        407.2000            0.000000
                     C( 109, 3)        0.000000            0.000000
                     C( 109, 4)        382.6500            0.000000
                     C( 110, 1)        607.4800            0.000000
                     C( 110, 2)        407.2000            0.000000
                     C( 110, 3)        0.000000            0.000000
                     C( 110, 4)        382.6500            0.000000
                     C( 111, 1)        549.0900            0.000000
                     C( 111, 2)        350.5300            0.000000
                     C( 111, 3)        64.18000            0.000000
                     C( 111, 4)        326.6300            0.000000
                     C( 112, 1)        549.0900            0.000000
                     C( 112, 2)        350.5300            0.000000
                     C( 112, 3)        64.18000            0.000000
                     C( 112, 4)        326.6300            0.000000
                     C( 113, 1)        565.2500            0.000000
                     C( 113, 2)        423.2600            0.000000
                     C( 113, 3)        83.25000            0.000000
                     C( 113, 4)        394.3800            0.000000
                     C( 114, 1)        565.2500            0.000000
                     C( 114, 2)        423.2600            0.000000
                     C( 114, 3)        83.25000            0.000000
                     C( 114, 4)        394.3800            0.000000
                       X( 1, 1)        1.107400            0.000000
                       X( 1, 2)        0.000000            258.7800
                       X( 1, 3)        0.000000            486.6600
                       X( 1, 4)        0.000000            209.8700
                       X( 2, 1)        1.282700            0.000000
                       X( 2, 2)        0.000000            258.7800
                       X( 2, 3)        0.000000            486.6600
                       X( 2, 4)        0.000000            209.8700
                       X( 3, 1)        0.000000            0.000000
                       X( 3, 2)        0.000000            528.3800
                       X( 3, 3)        0.000000            851.8700
                       X( 3, 4)        0.000000            480.9300
                       X( 4, 1)        0.000000            0.000000
                       X( 4, 2)        0.000000            528.3800
                       X( 4, 3)        0.000000            851.8700
                       X( 4, 4)        0.000000            480.9300
                       X( 5, 1)        0.000000            0.000000
                       X( 5, 2)        0.000000            497.8300
                       X( 5, 3)        0.000000            826.5200
                       X( 5, 4)        0.000000            450.3800
                       X( 6, 1)        0.000000            0.000000
                       X( 6, 2)        0.000000            497.8300
                       X( 6, 3)        0.000000            826.5200
                       X( 6, 4)        0.000000            450.3800
                       X( 7, 1)        0.000000            0.000000
                       X( 7, 2)        0.000000            455.4000
                       X( 7, 3)        0.000000            805.6800
                       X( 7, 4)        0.000000            407.9500
                       X( 8, 1)        0.000000            0.000000
                       X( 8, 2)        0.000000            455.4000
                       X( 8, 3)        0.000000            805.6800
                       X( 8, 4)        0.000000            407.9500
                       X( 9, 1)       0.5216000            0.000000
                       X( 9, 2)        0.000000            471.3700
                       X( 9, 3)        0.000000            831.2500
                       X( 9, 4)        0.000000            423.9200
                      X( 10, 1)       0.4619000            0.000000
                      X( 10, 2)        0.000000            471.3700
                      X( 10, 3)        0.000000            831.2500
                      X( 10, 4)        0.000000            423.9200
                      X( 11, 1)        2.309100            0.000000
                      X( 11, 2)        0.000000            471.9200
                      X( 11, 3)        0.000000            831.8000
                      X( 11, 4)        0.000000            424.4700
                      X( 12, 1)        0.000000            0.000000
                      X( 12, 2)        0.000000            471.9200
                      X( 12, 3)        0.000000            831.8000
                      X( 12, 4)        0.000000            424.4700
                      X( 13, 1)        0.000000            0.000000
                      X( 13, 2)        0.000000            416.6400
                      X( 13, 3)        0.000000            750.3100
                      X( 13, 4)        0.000000            367.7300
                      X( 14, 1)        0.000000            0.000000
                      X( 14, 2)        0.000000            416.6400
                      X( 14, 3)        0.000000            750.3100
                      X( 14, 4)        0.000000            367.7300
                      X( 15, 1)        0.000000            0.000000
                      X( 15, 2)        0.000000            472.7000
                      X( 15, 3)        0.000000            832.5800
                      X( 15, 4)        0.000000            425.2500
                      X( 16, 1)        0.000000            0.000000
                      X( 16, 2)        0.000000            472.7000
                      X( 16, 3)        0.000000            832.5800
                      X( 16, 4)        0.000000            425.2500
                      X( 17, 1)        0.000000            0.000000
                      X( 17, 2)        0.000000            333.7000
                      X( 17, 3)        0.000000            700.3300
                      X( 17, 4)        0.000000            286.2500
                      X( 18, 1)        0.000000            0.000000
                      X( 18, 2)        0.000000            333.7000
                      X( 18, 3)        0.000000            700.3300
                      X( 18, 4)        0.000000            286.2500
                      X( 19, 1)        0.000000            0.000000
                      X( 19, 2)        0.000000            266.9700
                      X( 19, 3)        0.000000            647.6600
                      X( 19, 4)        0.000000            219.5200
                      X( 20, 1)        0.000000            0.000000
                      X( 20, 2)        0.000000            266.9700
                      X( 20, 3)        0.000000            647.6600
                      X( 20, 4)        0.000000            219.5200
                      X( 21, 1)        0.000000            0.000000
                      X( 21, 2)        0.000000            252.7800
                      X( 21, 3)        0.000000            633.4700
                      X( 21, 4)        0.000000            205.3300
                      X( 22, 1)        0.000000            0.000000
                      X( 22, 2)        0.000000            252.7800
                      X( 22, 3)        0.000000            633.4700
                      X( 22, 4)        0.000000            205.3300
                      X( 23, 1)        0.000000            0.000000
                      X( 23, 2)        0.000000            311.9400
                      X( 23, 3)        0.000000            630.9200
                      X( 23, 4)        0.000000            263.0400
                      X( 24, 1)        0.000000            0.000000
                      X( 24, 2)        0.000000            311.9400
                      X( 24, 3)        0.000000            630.9200
                      X( 24, 4)        0.000000            263.0400
                      X( 25, 1)        0.000000            0.000000
                      X( 25, 2)        0.000000            296.2500
                      X( 25, 3)        0.000000            577.2600
                      X( 25, 4)        0.000000            247.3500
                      X( 26, 1)        0.000000            0.000000
                      X( 26, 2)        0.000000            296.2500
                      X( 26, 3)        0.000000            577.2600
                      X( 26, 4)        0.000000            247.3500
                      X( 27, 1)        0.000000            0.000000
                      X( 27, 2)        0.000000            225.3500
                      X( 27, 3)        0.000000            479.4600
                      X( 27, 4)        0.000000            176.4500
                      X( 28, 1)        0.000000            0.000000
                      X( 28, 2)        0.000000            225.3500
                      X( 28, 3)        0.000000            479.4600
                      X( 28, 4)        0.000000            176.4500
                      X( 29, 1)        0.000000            0.000000
                      X( 29, 2)        0.000000            232.9700
                      X( 29, 3)        0.000000            560.9500
                      X( 29, 4)        0.000000            184.0700
                      X( 30, 1)        0.000000            0.000000
                      X( 30, 2)        0.000000            232.9700
                      X( 30, 3)        0.000000            560.9500
                      X( 30, 4)        0.000000            184.0700
                      X( 31, 1)        0.000000            0.000000
                      X( 31, 2)        0.000000            184.6600
                      X( 31, 3)        0.000000            565.3500
                      X( 31, 4)        0.000000            137.2000
                      X( 32, 1)        0.000000            0.000000
                      X( 32, 2)        0.000000            184.6600
                      X( 32, 3)        0.000000            565.3500
                      X( 32, 4)        0.000000            137.2000
                      X( 33, 1)        0.000000            0.000000
                      X( 33, 2)        0.000000            227.8900
                      X( 33, 3)        0.000000            608.5800
                      X( 33, 4)        0.000000            180.4400
                      X( 34, 1)        0.000000            0.000000
                      X( 34, 2)        0.000000            227.8900
                      X( 34, 3)        0.000000            608.5800
                      X( 34, 4)        0.000000            180.4400
                      X( 35, 1)        0.000000            0.000000
                      X( 35, 2)        0.000000            173.0600
                      X( 35, 3)        0.000000            478.7900
                      X( 35, 4)        0.000000            124.1500
                      X( 36, 1)        0.000000            0.000000
                      X( 36, 2)        0.000000            173.0600
                      X( 36, 3)        0.000000            478.7900
                      X( 36, 4)        0.000000            124.1500
                      X( 37, 1)        0.000000            0.000000
                      X( 37, 2)        0.000000            131.3400
                      X( 37, 3)        0.000000            492.2300
                      X( 37, 4)        0.000000            82.43000
                      X( 38, 1)        0.000000            0.000000
                      X( 38, 2)        0.000000            131.3400
                      X( 38, 3)        0.000000            492.2300
                      X( 38, 4)        0.000000            82.43000
                      X( 39, 1)        0.000000            0.000000
                      X( 39, 2)        0.000000            130.0000
                      X( 39, 3)        0.000000            510.6900
                      X( 39, 4)        0.000000            82.55000
                      X( 40, 1)       0.2314000            0.000000
                      X( 40, 2)        0.000000            130.0000
                      X( 40, 3)        0.000000            510.6900
                      X( 40, 4)        0.000000            82.55000
                      X( 41, 1)        0.000000            0.000000
                      X( 41, 2)        0.000000            129.0800
                      X( 41, 3)        0.000000            470.5400
                      X( 41, 4)        0.000000            80.17000
                      X( 42, 1)        0.000000            0.000000
                      X( 42, 2)        0.000000            129.0800
                      X( 42, 3)        0.000000            470.5400
                      X( 42, 4)        0.000000            80.17000
                      X( 43, 1)        0.000000            0.000000
                      X( 43, 2)        0.000000            167.9400
                      X( 43, 3)        0.000000            424.9300
                      X( 43, 4)        0.000000            120.4800
                      X( 44, 1)        0.000000            0.000000
                      X( 44, 2)        0.000000            167.9400
                      X( 44, 3)        0.000000            424.9300
                      X( 44, 4)        0.000000            120.4800
                      X( 45, 1)        0.000000            0.000000
                      X( 45, 2)        0.000000            171.8700
                      X( 45, 3)        0.000000            371.3600
                      X( 45, 4)        0.000000            124.4100
                      X( 46, 1)        0.000000            0.000000
                      X( 46, 2)        0.000000            171.8700
                      X( 46, 3)        0.000000            371.3600
                      X( 46, 4)        0.000000            124.4100
                      X( 47, 1)        0.000000            0.000000
                      X( 47, 2)        0.000000            148.1100
                      X( 47, 3)        0.000000            380.1300
                      X( 47, 4)        0.000000            100.6500
                      X( 48, 1)        0.000000            0.000000
                      X( 48, 2)        0.000000            148.1100
                      X( 48, 3)        0.000000            380.1300
                      X( 48, 4)        0.000000            100.6500
                      X( 49, 1)        0.000000            0.000000
                      X( 49, 2)        0.000000            101.3700
                      X( 49, 3)        0.000000            396.0100
                      X( 49, 4)        0.000000            53.91000
                      X( 50, 1)        0.000000            0.000000
                      X( 50, 2)        0.000000            101.3700
                      X( 50, 3)        0.000000            396.0100
                      X( 50, 4)        0.000000            53.91000
                      X( 51, 1)        0.000000            0.000000
                      X( 51, 2)        0.000000            63.58000
                      X( 51, 3)        0.000000            444.2700
                      X( 51, 4)        0.000000            16.13000
                      X( 52, 1)        0.000000            0.000000
                      X( 52, 2)        0.000000            63.58000
                      X( 52, 3)        0.000000            444.2700
                      X( 52, 4)        0.000000            16.13000
                      X( 53, 1)        0.000000            0.000000
                      X( 53, 2)        0.000000            14.87000
                      X( 53, 3)        0.000000            445.1500
                      X( 53, 4)        0.000000            17.01000
                      X( 54, 1)        0.000000            0.000000
                      X( 54, 2)        0.000000            14.87000
                      X( 54, 3)        0.000000            445.1500
                      X( 54, 4)        0.000000            17.01000
                      X( 55, 1)       0.6590000E-01        0.000000
                      X( 55, 2)        0.000000            47.45000
                      X( 55, 3)        0.000000            395.8700
                      X( 55, 4)        1.439700            0.000000
                      X( 56, 1)        0.000000            0.000000
                      X( 56, 2)        0.000000            47.45000
                      X( 56, 3)        0.000000            395.8700
                      X( 56, 4)       0.7291000            0.000000
                      X( 57, 1)        0.000000            0.000000
                      X( 57, 2)        0.000000            119.3900
                      X( 57, 3)        0.000000            285.3600
                      X( 57, 4)        0.000000            72.77000
                      X( 58, 1)        0.000000            0.000000
                      X( 58, 2)        0.000000            119.3900
                      X( 58, 3)        0.000000            285.3600
                      X( 58, 4)        0.000000            72.77000
                      X( 59, 1)        0.000000            14.35000
                      X( 59, 2)        0.000000            46.62000
                      X( 59, 3)        0.000000            356.0600
                      X( 59, 4)        0.000000            0.000000
                      X( 60, 1)        0.000000            14.35000
                      X( 60, 2)        0.000000            46.62000
                      X( 60, 3)        0.000000            356.0600
                      X( 60, 4)        0.000000            0.000000
                      X( 61, 1)        0.000000            87.61000
                      X( 61, 2)        0.000000            47.32000
                      X( 61, 3)        0.000000            430.3300
                      X( 61, 4)        0.000000            0.000000
                      X( 62, 1)        0.000000            87.61000
                      X( 62, 2)        0.000000            47.32000
                      X( 62, 3)        0.000000            430.3300
                      X( 62, 4)        0.000000            0.000000
                      X( 63, 1)        0.000000            152.2600
                      X( 63, 2)        0.000000            0.000000
                      X( 63, 3)        0.000000            378.2900
                      X( 63, 4)        0.000000            65.41000
                      X( 64, 1)        0.000000            152.2600
                      X( 64, 2)        0.000000            0.000000
                      X( 64, 3)        0.000000            378.2900
                      X( 64, 4)        0.000000            65.41000
                      X( 65, 1)        0.000000            86.85000
                      X( 65, 2)       0.3540000            0.000000
                      X( 65, 3)        0.000000            354.6400
                      X( 65, 4)       0.1078000            0.000000
                      X( 66, 1)        0.000000            86.85000
                      X( 66, 2)        0.000000            0.000000
                      X( 66, 3)        0.000000            354.6400
                      X( 66, 4)        0.000000            0.000000
                      X( 67, 1)        0.000000            85.28000
                      X( 67, 2)        0.000000            18.27000
                      X( 67, 3)        0.000000            326.8600
                      X( 67, 4)        0.000000            0.000000
                      X( 68, 1)        0.000000            85.28000
                      X( 68, 2)        0.000000            18.27000
                      X( 68, 3)        0.000000            326.8600
                      X( 68, 4)        0.000000            0.000000
                      X( 69, 1)        0.000000            50.60000
                      X( 69, 2)        0.000000            46.62000
                      X( 69, 3)        0.000000            288.3200
                      X( 69, 4)        0.000000            0.000000
                      X( 70, 1)        0.000000            50.60000
                      X( 70, 2)        0.000000            46.62000
                      X( 70, 3)        0.000000            288.3200
                      X( 70, 4)        0.000000            0.000000
                      X( 71, 1)        0.000000            0.000000
                      X( 71, 2)        0.000000            93.57000
                      X( 71, 3)        0.000000            220.7400
                      X( 71, 4)        0.000000            46.95000
                      X( 72, 1)        0.000000            0.000000
                      X( 72, 2)        0.000000            93.57000
                      X( 72, 3)        0.000000            220.7400
                      X( 72, 4)        0.000000            46.95000
                      X( 73, 1)        0.000000            0.000000
                      X( 73, 2)        0.000000            112.1700
                      X( 73, 3)        0.000000            199.4300
                      X( 73, 4)        0.000000            65.55000
                      X( 74, 1)        0.000000            0.000000
                      X( 74, 2)        0.000000            112.1700
                      X( 74, 3)        0.000000            199.4300
                      X( 74, 4)        0.000000            65.55000
                      X( 75, 1)        0.000000           0.5700000
                      X( 75, 2)        0.000000            46.62000
                      X( 75, 3)        0.000000            194.8600
                      X( 75, 4)       0.2534000            0.000000
                      X( 76, 1)        0.000000           0.5700000
                      X( 76, 2)        0.000000            46.62000
                      X( 76, 3)        0.000000            194.8600
                      X( 76, 4)        0.000000            0.000000
                      X( 77, 1)        0.000000            159.7700
                      X( 77, 2)        0.000000            0.000000
                      X( 77, 3)        0.000000            366.2400
                      X( 77, 4)        0.000000            72.92000
                      X( 78, 1)        0.000000            159.7700
                      X( 78, 2)        0.000000            0.000000
                      X( 78, 3)        0.000000            366.2400
                      X( 78, 4)        0.000000            72.92000
                      X( 79, 1)        0.000000            159.7700
                      X( 79, 2)        0.000000            0.000000
                      X( 79, 3)        0.000000            331.0400
                      X( 79, 4)        0.000000            72.93000
                      X( 80, 1)        0.000000            159.7700
                      X( 80, 2)        0.000000            0.000000
                      X( 80, 3)        0.000000            331.0400
                      X( 80, 4)        0.000000            72.93000
                      X( 81, 1)        0.000000            156.3600
                      X( 81, 2)        0.000000            0.000000
                      X( 81, 3)        0.000000            289.5300
                      X( 81, 4)        0.000000            69.51000
                      X( 82, 1)        0.000000            156.3600
                      X( 82, 2)        0.000000            0.000000
                      X( 82, 3)        0.000000            289.5300
                      X( 82, 4)        0.000000            69.51000
                      X( 83, 1)        0.000000            153.4900
                      X( 83, 2)        0.000000            0.000000
                      X( 83, 3)        0.000000            294.6700
                      X( 83, 4)        0.000000            66.65000
                      X( 84, 1)        0.000000            153.4900
                      X( 84, 2)        0.000000            0.000000
                      X( 84, 3)        0.000000            294.6700
                      X( 84, 4)        0.000000            66.65000
                      X( 85, 1)        0.000000            112.9000
                      X( 85, 2)        0.000000            0.000000
                      X( 85, 3)        0.000000            178.6100
                      X( 85, 4)        0.000000            27.62000
                      X( 86, 1)        0.000000            112.9000
                      X( 86, 2)        2.155300            0.000000
                      X( 86, 3)        0.000000            178.6100
                      X( 86, 4)        0.000000            27.62000
                      X( 87, 1)        0.000000            51.08000
                      X( 87, 2)        0.000000            1.350000
                      X( 87, 3)        0.000000            115.4900
                      X( 87, 4)        0.000000            0.000000
                      X( 88, 1)        0.000000            51.08000
                      X( 88, 2)        0.000000            1.350000
                      X( 88, 3)        0.000000            115.4900
                      X( 88, 4)        0.000000            0.000000
                      X( 89, 1)        0.000000            30.62000
                      X( 89, 2)        0.000000            2.250000
                      X( 89, 3)        0.000000            30.33000
                      X( 89, 4)        0.000000           0.9000000
                      X( 90, 1)        0.000000            30.62000
                      X( 90, 2)        0.000000            2.250000
                      X( 90, 3)        0.000000            30.33000
                      X( 90, 4)        0.000000           0.9000000
                      X( 91, 1)        0.000000            3.940000
                      X( 91, 2)        0.000000            45.12000
                      X( 91, 3)        0.000000            32.51000
                      X( 91, 4)        0.000000            50.92000
                      X( 92, 1)        0.000000            3.940000
                      X( 92, 2)        0.000000            45.12000
                      X( 92, 3)        0.000000            32.51000
                      X( 92, 4)        0.000000            50.92000
                      X( 93, 1)        0.000000            113.8000
                      X( 93, 2)        0.000000            143.0700
                      X( 93, 3)        0.000000            0.000000
                      X( 93, 4)        0.000000            135.1800
                      X( 94, 1)        0.000000            113.8000
                      X( 94, 2)        0.000000            143.0700
                      X( 94, 3)        0.000000            0.000000
                      X( 94, 4)        0.000000            135.1800
                      X( 95, 1)        0.000000            52.71000
                      X( 95, 2)       0.9056000            0.000000
                      X( 95, 3)       0.3239000            0.000000
                      X( 95, 4)        0.000000            9.030000
                      X( 96, 1)        0.000000            52.71000
                      X( 96, 2)       0.3751000            0.000000
                      X( 96, 3)        0.000000            0.000000
                      X( 96, 4)        0.000000            9.030000
                      X( 97, 1)        0.000000            117.2700
                      X( 97, 2)        0.000000            0.000000
                      X( 97, 3)        0.000000            96.12000
                      X( 97, 4)        0.000000            31.99000
                      X( 98, 1)        0.000000            117.2700
                      X( 98, 2)        0.000000            0.000000
                      X( 98, 3)        0.000000            96.12000
                      X( 98, 4)        0.000000            31.99000
                      X( 99, 1)        0.000000            153.5400
                      X( 99, 2)        0.000000            0.000000
                      X( 99, 3)        0.000000            172.3200
                      X( 99, 4)        0.000000            68.26000
                     X( 100, 1)        0.000000            153.5400
                     X( 100, 2)        0.000000            0.000000
                     X( 100, 3)        0.000000            172.3200
                     X( 100, 4)        0.000000            68.26000
                     X( 101, 1)        0.000000            149.9100
                     X( 101, 2)        0.000000            2.080000
                     X( 101, 3)        0.000000            61.03000
                     X( 101, 4)        0.000000            64.63000
                     X( 102, 1)        0.000000            149.9100
                     X( 102, 2)        0.000000            2.080000
                     X( 102, 3)        0.000000            61.03000
                     X( 102, 4)        0.000000            64.63000
                     X( 103, 1)        0.000000            162.6800
                     X( 103, 2)        0.000000            56.09000
                     X( 103, 3)       0.9942000            0.000000
                     X( 103, 4)        0.000000            86.22000
                     X( 104, 1)        0.000000            162.6800
                     X( 104, 2)        0.000000            56.09000
                     X( 104, 3)        0.000000            0.000000
                     X( 104, 4)        0.000000            86.22000
                     X( 105, 1)        0.000000            156.6100
                     X( 105, 2)        0.000000            90.05000
                     X( 105, 3)        1.211900            0.000000
                     X( 105, 4)        0.000000            104.0500
                     X( 106, 1)        0.000000            156.6100
                     X( 106, 2)        0.000000            90.05000
                     X( 106, 3)        0.000000            0.000000
                     X( 106, 4)        0.000000            104.0500
                     X( 107, 1)        0.000000            311.5700
                     X( 107, 2)        0.000000            225.8500
                     X( 107, 3)        0.000000            0.000000
                     X( 107, 4)        0.000000            239.1900
                     X( 108, 1)        0.000000            311.5700
                     X( 108, 2)        0.000000            225.8500
                     X( 108, 3)        0.000000            0.000000
                     X( 108, 4)        0.000000            239.1900
                     X( 109, 1)        0.000000            362.6600
                     X( 109, 2)        0.000000            321.1200
                     X( 109, 3)        0.000000            0.000000
                     X( 109, 4)        0.000000            334.4700
                     X( 110, 1)        0.000000            362.6600
                     X( 110, 2)        0.000000            321.1200
                     X( 110, 3)        0.000000            0.000000
                     X( 110, 4)        0.000000            334.4700
                     X( 111, 1)        0.000000            240.0900
                     X( 111, 2)        0.000000            200.2700
                     X( 111, 3)        0.000000            0.000000
                     X( 111, 4)        0.000000            214.2700
                     X( 112, 1)        0.000000            240.0900
                     X( 112, 2)        0.000000            200.2700
                     X( 112, 3)        0.000000            0.000000
                     X( 112, 4)        0.000000            214.2700
                     X( 113, 1)        0.000000            237.1800
                     X( 113, 2)        0.000000            253.9300
                     X( 113, 3)        0.000000            0.000000
                     X( 113, 4)        0.000000            262.9500
                     X( 114, 1)        0.000000            237.1800
                     X( 114, 2)        0.000000            253.9300
                     X( 114, 3)        0.000000            0.000000
                     X( 114, 4)        0.000000            262.9500

                            Row    Slack or Surplus      Dual Price
                              1        60652.71           -1.000000
                              2        0.000000            162.2200
                              3        0.000000            162.2200
                              4        0.000000            412.7500
                              5        0.000000            412.7500
                              6        0.000000            397.2600
                              7        0.000000            397.2600
                              8        0.000000            375.5300
                              9        0.000000            375.5300
                             10        0.000000            367.7700
                             11        0.000000            367.7700
                             12        0.000000            332.6100
                             13        0.000000            332.6100
                             14        0.000000            352.9400
                             15        0.000000            352.9400
                             16        0.000000            178.1500
                             17        0.000000            178.1500
                             18        0.000000            314.7500
                             19        0.000000            314.7500
                             20        0.000000            276.7700
                             21        0.000000            276.7700
                             22        0.000000            208.3800
                             23        0.000000            208.3800
                             24        0.000000            297.1300
                             25        0.000000            297.1300
                             26        0.000000            264.4000
                             27        0.000000            264.4000
                             28        0.000000            215.8900
                             29        0.000000            215.8900
                             30        0.000000            260.5600
                             31        0.000000            260.5600
                             32        0.000000            231.7900
                             33        0.000000            231.7900
                             34        0.000000            226.7700
                             35        0.000000            226.7700
                             36        0.000000            220.2200
                             37        0.000000            220.2200
                             38        0.000000            209.0400
                             39        0.000000            209.0400
                             40        0.000000            208.6700
                             41        0.000000            208.6700
                             42        0.000000            205.4100
                             43        0.000000            205.4100
                             44        0.000000            198.1200
                             45        0.000000            198.1200
                             46        0.000000            150.6100
                             47        0.000000            150.6100
                             48        0.000000            170.1700
                             49        0.000000            170.1700
                             50        0.000000            176.4500
                             51        0.000000            176.4500
                             52        0.000000            179.9000
                             53        0.000000            179.9000
                             54        0.000000            161.9300
                             55        0.000000            161.9300
                             56        0.000000            157.4900
                             57        0.000000            157.4900
                             58        0.000000            117.6700
                             59        0.000000            117.6700
                             60        0.000000            145.5400
                             61        0.000000            145.5400
                             62        0.000000            216.1200
                             63        0.000000            216.1200
                             64        0.000000            200.4400
                             65        0.000000            200.4400
                             66        0.000000            174.0600
                             67        0.000000            174.0600
                             68        0.000000            164.9500
                             69        0.000000            164.9500
                             70        0.000000            137.0500
                             71        0.000000            137.0500
                             72        0.000000            97.47000
                             73        0.000000            97.47000
                             74        0.000000            56.23000
                             75        0.000000            56.23000
                             76        0.000000            71.96000
                             77        0.000000            71.96000
                             78        0.000000            161.9400
                             79        0.000000            161.9400
                             80        0.000000            118.8000
                             81        0.000000            118.8000
                             82        0.000000            109.9900
                             83        0.000000            109.9900
                             84        0.000000            156.7000
                             85        0.000000            156.7000
                             86        0.000000            97.55000
                             87        0.000000            97.55000
                             88        0.000000            52.45000
                             89        0.000000            52.45000
                             90        0.000000            0.000000
                             91        0.000000            0.000000
                             92        0.000000            0.000000
                             93        0.000000            0.000000
                             94        0.000000            28.78000
                             95        0.000000            28.78000
                             96       0.1300000E-02        0.000000
                             97        0.000000            0.000000
                             98        0.000000            37.48000
                             99        0.000000            37.48000
                            100        0.000000            56.18000
                            101        0.000000            56.18000
                            102        0.000000            0.000000
                            103        0.000000            0.000000
                            104        0.000000            11.30000
                            105        0.000000            11.30000
                            106        0.000000            51.64000
                            107        0.000000            51.64000
                            108        0.000000            87.67000
                            109        0.000000            87.67000
                            110        0.000000            167.9400
                            111        0.000000            167.9400
                            112        0.000000            103.7600
                            113        0.000000            103.7600
                            114        0.000000            84.69000
                            115        0.000000            84.69000
                            116        0.000000           -412.7600
                            117        0.000000           -254.0200
                            118        0.000000           -167.9400
                            119        0.000000           -216.1200

